<svg xmlns="http://www.w3.org/2000/svg" width="300" height="250" viewBox="0 0 600 500">
  <defs>
    <style>
      .cls-1 {
        fill: #414042;
        fill-rule: evenodd;
      }
    </style>
  </defs>
  <g id="HG_F3">
    <path id="So_your_client_finds_the_right_person_to_talk_to" data-name="So your client finds  the right person to talk to" class="cls-1" d="M1754.18,1034.33a10.39,10.39,0,0,0,4.25-.87,7.444,7.444,0,0,0,3.18-2.6,7.136,7.136,0,0,0,1.19-4.17,5.917,5.917,0,0,0-1.1-3.72,7.559,7.559,0,0,0-2.66-2.22,34.862,34.862,0,0,0-4.14-1.66,28.545,28.545,0,0,1-3.38-1.34,6.012,6.012,0,0,1-2.09-1.71,4.383,4.383,0,0,1-.84-2.76,4.635,4.635,0,0,1,.93-2.94,5.6,5.6,0,0,1,2.4-1.79,8.13,8.13,0,0,1,3.06-.59,10.168,10.168,0,0,1,3.63.7,11.169,11.169,0,0,1,2.98,1.66l0.68-2.09a11.807,11.807,0,0,0-3.32-1.62,12.917,12.917,0,0,0-3.97-.63,10.794,10.794,0,0,0-4.26.84,7.411,7.411,0,0,0-3.19,2.51,6.667,6.667,0,0,0-1.22,4.03,6.159,6.159,0,0,0,1.05,3.72,7.452,7.452,0,0,0,2.58,2.26,27.746,27.746,0,0,0,3.93,1.65,37.619,37.619,0,0,1,3.58,1.43,6.1,6.1,0,0,1,2.14,1.71,4.3,4.3,0,0,1,.86,2.75,4.764,4.764,0,0,1-1.86,3.99,7.089,7.089,0,0,1-4.49,1.45,11.871,11.871,0,0,1-7.67-3l-0.5,2.2a11.3,11.3,0,0,0,3.69,2.01,13.529,13.529,0,0,0,4.56.8h0Zm22.23-.19a9.737,9.737,0,0,0,4.86-1.21,8.725,8.725,0,0,0,3.4-3.39,10.183,10.183,0,0,0,0-9.74,8.691,8.691,0,0,0-3.4-3.35,10.5,10.5,0,0,0-9.71,0,8.773,8.773,0,0,0-3.38,3.35,10.256,10.256,0,0,0,0,9.74,8.808,8.808,0,0,0,3.38,3.39,9.672,9.672,0,0,0,4.85,1.21h0Zm0-1.9a7.107,7.107,0,0,1-3.82-1.02,6.862,6.862,0,0,1-2.53-2.76,8.69,8.69,0,0,1,0-7.58,6.758,6.758,0,0,1,2.53-2.72,7.8,7.8,0,0,1,7.64,0,6.852,6.852,0,0,1,2.54,2.72,8.042,8.042,0,0,1,.9,3.8,8.28,8.28,0,0,1-.88,3.78,6.792,6.792,0,0,1-2.53,2.76,7.164,7.164,0,0,1-3.85,1.02h0Zm22.15,8.51,0.61,1.98a7.235,7.235,0,0,0,4.01-1.16,7.038,7.038,0,0,0,2.41-3.48l8.29-22.26h-2.4l-5.39,15.42-6.16-15.42h-2.47l7.49,17.93-1.37,3.73a4.874,4.874,0,0,1-1.85,2.47,6.448,6.448,0,0,1-3.17.79h0Zm27.21-6.61a9.737,9.737,0,0,0,4.86-1.21,8.725,8.725,0,0,0,3.4-3.39,10.183,10.183,0,0,0,0-9.74,8.691,8.691,0,0,0-3.4-3.35,10.5,10.5,0,0,0-9.71,0,8.773,8.773,0,0,0-3.38,3.35,10.256,10.256,0,0,0,0,9.74,8.808,8.808,0,0,0,3.38,3.39,9.672,9.672,0,0,0,4.85,1.21h0Zm0-1.9a7.107,7.107,0,0,1-3.82-1.02,6.933,6.933,0,0,1-2.53-2.76,8.69,8.69,0,0,1,0-7.58,6.827,6.827,0,0,1,2.53-2.72,7.8,7.8,0,0,1,7.64,0,6.852,6.852,0,0,1,2.54,2.72,8.042,8.042,0,0,1,.9,3.8,8.155,8.155,0,0,1-.88,3.78,6.837,6.837,0,0,1-2.52,2.76,7.223,7.223,0,0,1-3.86,1.02h0Zm21.01,1.86a7.124,7.124,0,0,0,3.94-1.17,6.5,6.5,0,0,0,2.56-3.16c0.15,1.98.27,3.27,0.34,3.88l2.21-.04a18.5,18.5,0,0,1-.25-2.05c-0.06-.84-0.1-1.53-0.1-2.09v-13.64h-2.2v8.85a9.916,9.916,0,0,1-.78,4.09,6.032,6.032,0,0,1-2.13,2.62,5.378,5.378,0,0,1-3.02.89,4.028,4.028,0,0,1-3.74-1.77,8.319,8.319,0,0,1-1.08-4.42v-10.26h-2.25v10.83a8.719,8.719,0,0,0,1.58,5.32,5.708,5.708,0,0,0,4.92,2.12h0Zm15.54-.49h2.25v-8.85a9.869,9.869,0,0,1,1.35-5.3,4.116,4.116,0,0,1,3.66-2.19,4.977,4.977,0,0,1,1.6.27l0.45-1.94a6,6,0,0,0-1.9-.31,4.854,4.854,0,0,0-3.05,1.16,6.655,6.655,0,0,0-2.15,3.21h-0.08a32.237,32.237,0,0,0-.19-3.83h-2.13a34.257,34.257,0,0,1,.19,4.33v13.45Zm29.57,0.53a9.62,9.62,0,0,0,3.44-.61,8.475,8.475,0,0,0,2.68-1.55l-0.35-1.87a8.375,8.375,0,0,1-2.52,1.56,8.185,8.185,0,0,1-3.06.53,7,7,0,0,1-3.76-1,6.714,6.714,0,0,1-2.51-2.72,8.044,8.044,0,0,1-.88-3.76,8.155,8.155,0,0,1,.88-3.78,6.907,6.907,0,0,1,2.49-2.76,6.765,6.765,0,0,1,3.7-1.02,7.994,7.994,0,0,1,2.79.51,6.236,6.236,0,0,1,2.3,1.42l0.92-1.71a7.309,7.309,0,0,0-2.66-1.53,10,10,0,0,0-3.39-.59,9.436,9.436,0,0,0-4.78,1.21,8.775,8.775,0,0,0-3.35,3.38,10.5,10.5,0,0,0-.02,9.75,8.6,8.6,0,0,0,3.31,3.35,9.539,9.539,0,0,0,4.77,1.19h0Zm13.22-.11,1.03-1.86a2.878,2.878,0,0,1-1.31-1.09,3.933,3.933,0,0,1-.36-1.92v-24.51l-2.25.42v24.59a4.674,4.674,0,0,0,.8,2.83,4.371,4.371,0,0,0,2.09,1.54h0Zm7.18-23.71a1.514,1.514,0,0,0,1.12-.48,1.554,1.554,0,0,0,.48-1.16,1.526,1.526,0,0,0-.48-1.14,1.6,1.6,0,0,0-2.71,1.14,1.584,1.584,0,0,0,.47,1.16,1.53,1.53,0,0,0,1.12.48h0Zm-1.1,23.29h2.24v-17.78h-2.24v17.78Zm16.61,0.53a11.379,11.379,0,0,0,7.1-2.24l-0.38-1.9a10.038,10.038,0,0,1-2.89,1.65,9.807,9.807,0,0,1-3.64.67,6.888,6.888,0,0,1-3.67-.99,7.044,7.044,0,0,1-2.53-2.64,7.79,7.79,0,0,1-.95-3.67h15.09c0.02-.2.04-0.52,0.04-0.95a9.91,9.91,0,0,0-.99-4.44,7.621,7.621,0,0,0-2.91-3.2,8.772,8.772,0,0,0-12.23,3.35,9.848,9.848,0,0,0-1.16,4.82,10.215,10.215,0,0,0,1.17,4.94,8.624,8.624,0,0,0,3.25,3.39,9.115,9.115,0,0,0,4.7,1.21h0Zm-6.92-10.75a7.015,7.015,0,0,1,.86-2.89,6.712,6.712,0,0,1,2.26-2.49,6.7,6.7,0,0,1,8.05.74,6.617,6.617,0,0,1,1.79,4.64h-12.96Zm20.41,10.22h2.24v-9.08a9.248,9.248,0,0,1,.78-3.95,5.833,5.833,0,0,1,2.14-2.55,5.528,5.528,0,0,1,3.01-.87,4.051,4.051,0,0,1,3.72,1.76,8.193,8.193,0,0,1,1.1,4.39v10.3h2.24v-10.87a8.522,8.522,0,0,0-1.61-5.32,5.871,5.871,0,0,0-5-2.13,6.771,6.771,0,0,0-3.89,1.2,6.672,6.672,0,0,0-2.53,3.17h-0.08a31.1,31.1,0,0,0-.19-3.83h-2.09a38.039,38.039,0,0,1,.16,4.14v13.64Zm26.1,0.38a7.625,7.625,0,0,0,2.02-.27,8.334,8.334,0,0,0,1.78-.68l-0.3-1.67a6.584,6.584,0,0,1-2.85.8,2.455,2.455,0,0,1-1.88-.76,3.458,3.458,0,0,1-.71-2.4v-11.44h4.6l0.46-1.74h-5.06v-5.13l-2.24.87v4.26h-2.85l-0.45,1.74h3.34v11.75a4.89,4.89,0,0,0,1.12,3.45,3.876,3.876,0,0,0,3.02,1.22h0Zm17.44-.38h2.21v-16.04h4.06l0.5-1.74h-4.56v-5.13a5.972,5.972,0,0,1,.78-3.2,2.825,2.825,0,0,1,2.6-1.25,10.681,10.681,0,0,1,2.77.38l0.27-1.82a7.966,7.966,0,0,0-1.46-.31,15.288,15.288,0,0,0-1.77-.11,5.117,5.117,0,0,0-3.97,1.58,6.642,6.642,0,0,0-1.46,4.69v5.17h-3.23l-0.46,1.74h3.72v16.04Zm11.33-23.29a1.53,1.53,0,0,0,1.12-.48,1.584,1.584,0,0,0,.47-1.16,1.555,1.555,0,0,0-.47-1.14,1.58,1.58,0,0,0-1.12-.45,1.605,1.605,0,0,0-1.12,2.75,1.514,1.514,0,0,0,1.12.48h0Zm-1.1,23.29h2.24v-17.78h-2.24v17.78Zm8.93,0h2.24v-9.08a9.248,9.248,0,0,1,.78-3.95,5.833,5.833,0,0,1,2.14-2.55,5.528,5.528,0,0,1,3.01-.87,4.062,4.062,0,0,1,3.72,1.76,8.193,8.193,0,0,1,1.1,4.39v10.3h2.24v-10.87a8.585,8.585,0,0,0-1.61-5.32,5.871,5.871,0,0,0-5-2.13,6.748,6.748,0,0,0-3.89,1.2,6.672,6.672,0,0,0-2.53,3.17h-0.08a31.1,31.1,0,0,0-.19-3.83h-2.09a40.824,40.824,0,0,1,.16,4.14v13.64Zm29.22,0.49a8.235,8.235,0,0,0,4.23-1.14,7.823,7.823,0,0,0,3.06-3.23h0.08c0,1.14.06,2.44,0.19,3.88h2.13c-0.13-1.7-.19-3.2-0.19-4.52v-24.66l-2.21.45v14.78h-0.07a7.706,7.706,0,0,0-3.01-3.23,8.138,8.138,0,0,0-4.21-1.14,8.844,8.844,0,0,0-4.66,1.24,8.4,8.4,0,0,0-3.15,3.4,10.218,10.218,0,0,0-1.12,4.79,10.108,10.108,0,0,0,1.12,4.77,8.415,8.415,0,0,0,3.15,3.38,8.838,8.838,0,0,0,4.66,1.23h0Zm0.3-1.86a6.567,6.567,0,0,1-6.14-3.74,8.83,8.83,0,0,1,0-7.56,6.86,6.86,0,0,1,2.44-2.76,7.094,7.094,0,0,1,7.33,0,7.232,7.232,0,0,1,2.53,2.76,8.055,8.055,0,0,1,.91,3.78,7.946,7.946,0,0,1-.91,3.76,7.248,7.248,0,0,1-2.53,2.74,6.672,6.672,0,0,1-3.63,1.02h0Zm20.82,1.86a7.535,7.535,0,0,0,2.95-.58,5.37,5.37,0,0,0,2.24-1.77,4.663,4.663,0,0,0,.86-2.81,4.041,4.041,0,0,0-1.33-3.16,11.963,11.963,0,0,0-4.15-2.09,13.545,13.545,0,0,1-3.51-1.57,2.45,2.45,0,0,1-1.01-2.08,2.567,2.567,0,0,1,1.1-2.24,4.845,4.845,0,0,1,2.78-.76,6.6,6.6,0,0,1,2.53.5,7.948,7.948,0,0,1,2.1,1.25l0.95-1.63a9.44,9.44,0,0,0-2.48-1.33,8.916,8.916,0,0,0-3.18-.57,7.355,7.355,0,0,0-2.83.55,5.157,5.157,0,0,0-2.2,1.67,4.3,4.3,0,0,0-.86,2.68,3.882,3.882,0,0,0,1.26,3.1,11.047,11.047,0,0,0,3.8,1.91,14.11,14.11,0,0,1,3.74,1.68,2.557,2.557,0,0,1,1.16,2.16,2.887,2.887,0,0,1-1.18,2.45,4.5,4.5,0,0,1-2.81.9,8.711,8.711,0,0,1-5.93-2.17l-0.38,1.94a8.319,8.319,0,0,0,2.76,1.42,11.487,11.487,0,0,0,3.62.55h0Zm-356.24,44.89a7.551,7.551,0,0,0,2.01-.27,8.222,8.222,0,0,0,1.79-.68l-0.3-1.67a6.584,6.584,0,0,1-2.85.8,2.44,2.44,0,0,1-1.88-.76,3.458,3.458,0,0,1-.71-2.4v-11.44h4.6l0.46-1.74h-5.06v-5.13l-2.24.87v4.26h-2.85l-0.46,1.74h3.35v11.75a4.89,4.89,0,0,0,1.12,3.45,3.876,3.876,0,0,0,3.02,1.22h0Zm7.45-.38h2.24v-8.66a10.292,10.292,0,0,1,.78-4.22,6.1,6.1,0,0,1,2.13-2.66,5.185,5.185,0,0,1,2.98-.91,4.089,4.089,0,0,1,3.76,1.76,8.1,8.1,0,0,1,1.1,4.39v10.3h2.21v-10.87a8.756,8.756,0,0,0-1.56-5.34,5.745,5.745,0,0,0-4.94-2.11,6.938,6.938,0,0,0-3.89,1.16,6.221,6.221,0,0,0-2.49,3.14h-0.08v-14.97l-2.24.34v28.65Zm29.41,0.53a11.428,11.428,0,0,0,7.11-2.24l-0.38-1.9a10.174,10.174,0,0,1-2.89,1.65,9.86,9.86,0,0,1-3.65.67,6.888,6.888,0,0,1-3.67-.99,7.017,7.017,0,0,1-2.52-2.64,7.674,7.674,0,0,1-.95-3.67h15.08a7.362,7.362,0,0,0,.04-0.95,9.91,9.91,0,0,0-.99-4.44,7.663,7.663,0,0,0-2.9-3.2,9.3,9.3,0,0,0-9.07.02,8.542,8.542,0,0,0-3.17,3.33,9.959,9.959,0,0,0-1.16,4.82,10.109,10.109,0,0,0,1.18,4.94,8.556,8.556,0,0,0,3.25,3.39,9.079,9.079,0,0,0,4.69,1.21h0Zm-6.92-10.75a7.015,7.015,0,0,1,.86-2.89,6.8,6.8,0,0,1,2.26-2.49,6.71,6.71,0,0,1,8.06.74,6.611,6.611,0,0,1,1.78,4.64h-12.96Zm29.53,10.22h2.24v-8.85a9.869,9.869,0,0,1,1.35-5.3,4.131,4.131,0,0,1,3.67-2.19,4.918,4.918,0,0,1,1.59.27l0.46-1.94a6.051,6.051,0,0,0-1.9-.31,4.9,4.9,0,0,0-3.06,1.16,6.8,6.8,0,0,0-2.15,3.21h-0.07a34.513,34.513,0,0,0-.19-3.83h-2.13a34.257,34.257,0,0,1,.19,4.33v13.45Zm13.68-23.29a1.53,1.53,0,0,0,1.12-.48,1.554,1.554,0,0,0,.48-1.16,1.526,1.526,0,0,0-.48-1.14,1.58,1.58,0,0,0-1.12-.45,1.559,1.559,0,0,0-1.12.47,1.53,1.53,0,0,0-.48,1.12,1.554,1.554,0,0,0,.48,1.16,1.53,1.53,0,0,0,1.12.48h0Zm-1.1,23.29h2.24v-17.78h-2.24v17.78Zm16.45,9.35c3.24,0,5.63-.88,7.16-2.62a10.2,10.2,0,0,0,2.3-7v-13.6c0-1.37.04-2.67,0.12-3.91h-2.09c-0.13,1.44-.19,2.75-0.19,3.91h-0.08a7.826,7.826,0,0,0-3.02-3.29,8.194,8.194,0,0,0-4.24-1.16,8.671,8.671,0,0,0-4.63,1.26,8.536,8.536,0,0,0-3.18,3.4,10.153,10.153,0,0,0-1.12,4.73,9.979,9.979,0,0,0,1.12,4.73,8.372,8.372,0,0,0,3.16,3.33,8.883,8.883,0,0,0,4.65,1.21,8.221,8.221,0,0,0,4.26-1.16,7.359,7.359,0,0,0,2.96-3.17h0.08v3.76a8.349,8.349,0,0,1-1.77,5.63c-1.18,1.36-3.04,2.05-5.6,2.05a11.911,11.911,0,0,1-3.84-.65,15.189,15.189,0,0,1-3.46-1.67l-0.42,2.05a13.84,13.84,0,0,0,3.59,1.58,15.291,15.291,0,0,0,4.24.59h0Zm0.27-10.83a6.631,6.631,0,0,1-3.69-1.03,6.879,6.879,0,0,1-2.45-2.71,8.126,8.126,0,0,1-.85-3.71,8.275,8.275,0,0,1,.85-3.76,6.894,6.894,0,0,1,2.45-2.74,7.137,7.137,0,0,1,7.32-.02,7.08,7.08,0,0,1,2.52,2.74,8.1,8.1,0,0,1,0,7.5,7.024,7.024,0,0,1-2.52,2.72,6.75,6.75,0,0,1-3.63,1.01h0Zm15.84,1.48h2.25v-8.66a10.3,10.3,0,0,1,.77-4.22,6.1,6.1,0,0,1,2.13-2.66,5.216,5.216,0,0,1,2.99-.91,4.1,4.1,0,0,1,3.76,1.76,8.193,8.193,0,0,1,1.1,4.39v10.3h2.2v-10.87a8.818,8.818,0,0,0-1.55-5.34,5.757,5.757,0,0,0-4.94-2.11,6.994,6.994,0,0,0-3.9,1.16,6.221,6.221,0,0,0-2.49,3.14h-0.07v-14.97l-2.25.34v28.65Zm26.11,0.38a7.606,7.606,0,0,0,2.01-.27,8.222,8.222,0,0,0,1.79-.68l-0.31-1.67a6.512,6.512,0,0,1-2.85.8,2.47,2.47,0,0,1-1.88-.76,3.459,3.459,0,0,1-.7-2.4v-11.44h4.6l0.45-1.74h-5.05v-5.13l-2.24.87v4.26h-2.85l-0.46,1.74h3.35v11.75a4.89,4.89,0,0,0,1.12,3.45,3.862,3.862,0,0,0,3.02,1.22h0Zm16.53,8.74h2.24v-12.92h0.11a7.292,7.292,0,0,0,2.95,3.15,8.271,8.271,0,0,0,4.24,1.14,8.8,8.8,0,0,0,4.65-1.23,8.439,8.439,0,0,0,3.16-3.38,10.228,10.228,0,0,0,1.12-4.77,10.334,10.334,0,0,0-1.12-4.81,8.439,8.439,0,0,0-3.16-3.38,8.809,8.809,0,0,0-4.65-1.24,8.161,8.161,0,0,0-4.26,1.16,7.636,7.636,0,0,0-2.96,3.25h-0.12q0-1.74-.15-3.87h-2.17c0.08,1.09.12,2.18,0.12,3.26v23.64Zm9.23-10.49a6.672,6.672,0,0,1-3.63-1.02,7.222,7.222,0,0,1-2.52-2.74,7.837,7.837,0,0,1-.92-3.76,7.944,7.944,0,0,1,.92-3.78,7.207,7.207,0,0,1,2.52-2.76,6.672,6.672,0,0,1,3.63-1.02,6.593,6.593,0,0,1,3.67,1.02,6.91,6.91,0,0,1,2.43,2.76,8.737,8.737,0,0,1,0,7.56,6.789,6.789,0,0,1-2.43,2.74,6.663,6.663,0,0,1-3.67,1h0Zm22.23,1.9a11.428,11.428,0,0,0,7.11-2.24l-0.38-1.9a10.174,10.174,0,0,1-2.89,1.65,9.86,9.86,0,0,1-3.65.67,6.888,6.888,0,0,1-3.67-.99,7.094,7.094,0,0,1-2.52-2.64,7.674,7.674,0,0,1-.95-3.67h15.08a7.362,7.362,0,0,0,.04-0.95,9.91,9.91,0,0,0-.99-4.44,7.6,7.6,0,0,0-2.9-3.2,9.3,9.3,0,0,0-9.07.02,8.542,8.542,0,0,0-3.17,3.33,9.959,9.959,0,0,0-1.16,4.82,10.109,10.109,0,0,0,1.18,4.94,8.556,8.556,0,0,0,3.25,3.39,9.079,9.079,0,0,0,4.69,1.21h0Zm-6.91-10.75a6.993,6.993,0,0,1,.85-2.89,6.8,6.8,0,0,1,2.26-2.49,6.71,6.71,0,0,1,8.06.74,6.611,6.611,0,0,1,1.78,4.64h-12.95Zm20.4,10.22h2.24v-8.85a9.869,9.869,0,0,1,1.35-5.3,4.131,4.131,0,0,1,3.67-2.19,5.023,5.023,0,0,1,1.6.27l0.45-1.94a6.051,6.051,0,0,0-1.9-.31,4.9,4.9,0,0,0-3.06,1.16,6.709,6.709,0,0,0-2.14,3.21h-0.08a32.237,32.237,0,0,0-.19-3.83h-2.13a34.257,34.257,0,0,1,.19,4.33v13.45Zm17.52,0.49a7.451,7.451,0,0,0,2.94-.58,5.338,5.338,0,0,0,2.25-1.77,4.657,4.657,0,0,0,.85-2.81,4.008,4.008,0,0,0-1.33-3.16,12,12,0,0,0-4.14-2.09,13.816,13.816,0,0,1-3.52-1.57,2.441,2.441,0,0,1-1-2.08,2.544,2.544,0,0,1,1.1-2.24,4.812,4.812,0,0,1,2.77-.76,6.561,6.561,0,0,1,2.53.5,8.009,8.009,0,0,1,2.11,1.25l0.95-1.63a9.678,9.678,0,0,0-2.49-1.33,8.861,8.861,0,0,0-3.17-.57,7.355,7.355,0,0,0-2.83.55,5.187,5.187,0,0,0-2.21,1.67,4.291,4.291,0,0,0-.85,2.68,3.908,3.908,0,0,0,1.25,3.1,11.142,11.142,0,0,0,3.8,1.91,14.11,14.11,0,0,1,3.74,1.68,2.533,2.533,0,0,1,1.16,2.16,2.9,2.9,0,0,1-1.17,2.45,4.528,4.528,0,0,1-2.82.9,8.686,8.686,0,0,1-5.92-2.17l-0.38,1.94a8.166,8.166,0,0,0,2.75,1.42,11.6,11.6,0,0,0,3.63.55h0Zm19.15,0.04a9.737,9.737,0,0,0,4.86-1.21,8.817,8.817,0,0,0,3.41-3.39,10.256,10.256,0,0,0,0-9.74,8.783,8.783,0,0,0-3.41-3.35,9.938,9.938,0,0,0-4.86-1.19,9.834,9.834,0,0,0-4.84,1.19,8.8,8.8,0,0,0-3.39,3.35,10.256,10.256,0,0,0,0,9.74,8.834,8.834,0,0,0,3.39,3.39,9.634,9.634,0,0,0,4.84,1.21h0Zm0-1.9a7.131,7.131,0,0,1-3.82-1.02,6.933,6.933,0,0,1-2.53-2.76,8.69,8.69,0,0,1,0-7.58,6.827,6.827,0,0,1,2.53-2.72,7.8,7.8,0,0,1,7.64,0,6.948,6.948,0,0,1,2.55,2.72,8.558,8.558,0,0,1,.01,7.58,6.837,6.837,0,0,1-2.52,2.76,7.2,7.2,0,0,1-3.86,1.02h0Zm14.82,1.37h2.24v-9.08a9.248,9.248,0,0,1,.78-3.95,5.852,5.852,0,0,1,2.15-2.55,5.47,5.47,0,0,1,3-.87,4.04,4.04,0,0,1,3.72,1.76,8.106,8.106,0,0,1,1.11,4.39v10.3h2.24v-10.87a8.527,8.527,0,0,0-1.62-5.32,5.852,5.852,0,0,0-4.99-2.13,6.8,6.8,0,0,0-3.9,1.2,6.672,6.672,0,0,0-2.53,3.17h-0.07a31.1,31.1,0,0,0-.19-3.83h-2.09q0.15,1.365.15,4.14v13.64Zm35.23,0.38a7.606,7.606,0,0,0,2.01-.27,8.423,8.423,0,0,0,1.79-.68l-0.31-1.67a6.512,6.512,0,0,1-2.85.8,2.47,2.47,0,0,1-1.88-.76,3.459,3.459,0,0,1-.7-2.4v-11.44h4.6l0.45-1.74h-5.05v-5.13l-2.24.87v4.26h-2.85l-0.46,1.74h3.34v11.75a4.894,4.894,0,0,0,1.13,3.45,3.862,3.862,0,0,0,3.02,1.22h0Zm15.5,0.15a9.737,9.737,0,0,0,4.86-1.21,8.725,8.725,0,0,0,3.4-3.39,10.183,10.183,0,0,0,0-9.74,8.691,8.691,0,0,0-3.4-3.35,10.5,10.5,0,0,0-9.71,0,8.842,8.842,0,0,0-3.38,3.35,10.256,10.256,0,0,0,0,9.74,8.877,8.877,0,0,0,3.38,3.39,9.7,9.7,0,0,0,4.85,1.21h0Zm0-1.9a7.131,7.131,0,0,1-3.82-1.02,6.933,6.933,0,0,1-2.53-2.76,8.69,8.69,0,0,1,0-7.58,6.827,6.827,0,0,1,2.53-2.72,7.8,7.8,0,0,1,7.64,0,6.852,6.852,0,0,1,2.54,2.72,8.042,8.042,0,0,1,.9,3.8,8.155,8.155,0,0,1-.88,3.78,6.837,6.837,0,0,1-2.52,2.76,7.223,7.223,0,0,1-3.86,1.02h0Zm28.31,1.75a7.606,7.606,0,0,0,2.01-.27,8.222,8.222,0,0,0,1.79-.68l-0.3-1.67a6.584,6.584,0,0,1-2.85.8,2.477,2.477,0,0,1-1.89-.76,3.509,3.509,0,0,1-.7-2.4v-11.44h4.6l0.46-1.74h-5.06v-5.13l-2.24.87v4.26h-2.85l-0.46,1.74h3.35v11.75a4.89,4.89,0,0,0,1.12,3.45,3.876,3.876,0,0,0,3.02,1.22h0Zm11.78,0.11a8.254,8.254,0,0,0,4.01-1,5.762,5.762,0,0,0,2.64-2.95h0.11c0,0.53.03,1.14,0.08,1.83a14.213,14.213,0,0,0,.19,1.63h2.05a19.559,19.559,0,0,1-.3-3.88v-7.67a6.656,6.656,0,0,0-1.81-5.09,7.017,7.017,0,0,0-5.03-1.71,11.017,11.017,0,0,0-3.61.59,8.871,8.871,0,0,0-3,1.65l0.64,1.75a9.6,9.6,0,0,1,2.64-1.56,7.985,7.985,0,0,1,3.02-.65,5.266,5.266,0,0,1,3.71,1.24,4.665,4.665,0,0,1,1.35,3.63v1.02h-2.17q-10.185,0-10.18,5.89a4.714,4.714,0,0,0,1.67,3.95,6.177,6.177,0,0,0,3.99,1.33h0Zm0.46-1.67a4.5,4.5,0,0,1-2.84-.89,3.314,3.314,0,0,1-1.15-2.79q0-4.335,8.36-4.34h1.86v1.79a6.648,6.648,0,0,1-.71,2.93,5.9,5.9,0,0,1-2.1,2.37,6.073,6.073,0,0,1-3.42.93h0Zm17.63,1.6,1.02-1.86a2.933,2.933,0,0,1-1.31-1.09,3.933,3.933,0,0,1-.36-1.92v-24.51l-2.24.42v24.59a4.608,4.608,0,0,0,.8,2.83,4.371,4.371,0,0,0,2.09,1.54h0Zm6.08-.42h2.24v-9.27h0.07l9.16,9.27h2.89l-9.61-9.61,8.77-8.17h-2.92l-8.29,8.05h-0.07v-19.26l-2.24.38v28.61Zm31.69,0.38a7.606,7.606,0,0,0,2.01-.27,8.222,8.222,0,0,0,1.79-.68l-0.31-1.67a6.512,6.512,0,0,1-2.85.8,2.47,2.47,0,0,1-1.88-.76,3.459,3.459,0,0,1-.7-2.4v-11.44h4.6l0.45-1.74h-5.05v-5.13l-2.24.87v4.26h-2.85l-0.46,1.74h3.35v11.75a4.89,4.89,0,0,0,1.12,3.45,3.862,3.862,0,0,0,3.02,1.22h0Zm15.5,0.15a9.8,9.8,0,0,0,4.87-1.21,8.859,8.859,0,0,0,3.4-3.39,10.256,10.256,0,0,0,0-9.74,8.825,8.825,0,0,0-3.4-3.35,10,10,0,0,0-4.87-1.19,9.834,9.834,0,0,0-4.84,1.19,8.8,8.8,0,0,0-3.39,3.35,10.256,10.256,0,0,0,0,9.74,8.834,8.834,0,0,0,3.39,3.39,9.634,9.634,0,0,0,4.84,1.21h0Zm0-1.9a7.131,7.131,0,0,1-3.82-1.02,6.837,6.837,0,0,1-2.52-2.76,8.6,8.6,0,0,1,0-7.58,6.733,6.733,0,0,1,2.52-2.72,7.8,7.8,0,0,1,7.64,0,6.948,6.948,0,0,1,2.55,2.72,8.156,8.156,0,0,1,.89,3.8,8.274,8.274,0,0,1-.87,3.78,6.933,6.933,0,0,1-2.53,2.76,7.2,7.2,0,0,1-3.86,1.02h0Z" transform="translate(-1597 -625)"/>
  </g>
</svg>
