<svg xmlns="http://www.w3.org/2000/svg" width="300" height="250" viewBox="0 0 600 500">
  <defs>
    <style>
      .cls-1 {
        fill: #da291c;
      }

      .cls-1, .cls-2, .cls-3 {
        fill-rule: evenodd;
      }

      .cls-2 {
        fill: #00a0b7;
      }

      .cls-3 {
        fill: #414042;
      }
    </style>
  </defs>
  <g id="HG_F7">
    <path id="Read_more_300x250" data-name="Read more 300x250" class="cls-1" d="M4479,1044H4301.97a7.021,7.021,0,0,1-6.98-7.02V995.012a7.017,7.017,0,0,1,6.98-7.013H4479a7.025,7.025,0,0,1,6.99,7.013v41.968A7.029,7.029,0,0,1,4479,1044Zm-164.44-19.7h3v-8.81h3.29l5.36,8.81h3.56l-5.95-9.26a6.3,6.3,0,0,0,3.29-2.13,5.877,5.877,0,0,0,1.35-3.88,5.109,5.109,0,0,0-2.11-4.61,9.463,9.463,0,0,0-5.32-1.4h-6.47v21.28Zm3-11.12v-7.67h3.11a6.434,6.434,0,0,1,3.43.85,2.957,2.957,0,0,1,1.36,2.73,3.628,3.628,0,0,1-1.35,3.04,5.356,5.356,0,0,1-3.41,1.05h-3.14Zm21.89,11.54a10.154,10.154,0,0,0,5.84-1.65l-0.42-2.26a9.54,9.54,0,0,1-2.32,1.18,8.423,8.423,0,0,1-2.77.45,5.354,5.354,0,0,1-2.56-.62,4.757,4.757,0,0,1-1.83-1.7,4.815,4.815,0,0,1-.73-2.37h11.5q0.03-.3.03-0.9a8.417,8.417,0,0,0-.84-3.82,6.239,6.239,0,0,0-2.43-2.63,7.11,7.11,0,0,0-3.71-.95,7.3,7.3,0,0,0-3.71.96,7.016,7.016,0,0,0-2.66,2.69,8.613,8.613,0,0,0,.02,7.98,6.808,6.808,0,0,0,2.71,2.69A7.935,7.935,0,0,0,4339.45,1024.72Zm-4.76-8.9a4.714,4.714,0,0,1,2.18-3.62,4.336,4.336,0,0,1,2.37-.64,4.022,4.022,0,0,1,3.05,1.18,4.369,4.369,0,0,1,1.17,3.08h-8.77Zm18.77,8.87a6.48,6.48,0,0,0,2.98-.71,4.2,4.2,0,0,0,2-1.99h0.09a10.362,10.362,0,0,0,.07,1.08c0.05,0.46.1,0.87,0.16,1.23h2.64a16.718,16.718,0,0,1-.21-2.98v-6.01a5.913,5.913,0,0,0-1.5-4.39,5.807,5.807,0,0,0-4.25-1.47,9.62,9.62,0,0,0-5.69,1.71l0.75,2.17a7.49,7.49,0,0,1,2.08-1.17,6.53,6.53,0,0,1,2.35-.48,3.751,3.751,0,0,1,2.55.81,3.05,3.05,0,0,1,.93,2.43v0.57h-1.2a15.145,15.145,0,0,0-5.87,1.05,3.758,3.758,0,0,0-2.37,3.76,4.041,4.041,0,0,0,1.33,3.31A4.883,4.883,0,0,0,4353.46,1024.69Zm0.78-2.07a2.806,2.806,0,0,1-1.81-.58,2.133,2.133,0,0,1-.73-1.8c0-1.98,1.86-2.97,5.6-2.97h1.19v1.11a4.394,4.394,0,0,1-.5,2.04,4.2,4.2,0,0,1-1.47,1.58A4.138,4.138,0,0,1,4354.24,1022.62Zm17.73,2.07a6.549,6.549,0,0,0,3.19-.81,5.47,5.47,0,0,0,2.26-2.26h0.06c0,0.59.04,1.48,0.12,2.68h2.73c-0.08-1.6-.12-2.8-0.12-3.58v-19.59l-2.91.45v10.82h-0.06a5.87,5.87,0,0,0-2.2-2.14,6.234,6.234,0,0,0-3.1-.78,6.6,6.6,0,0,0-3.65,1.02,6.986,6.986,0,0,0-2.47,2.75,8.255,8.255,0,0,0-.89,3.81,8.465,8.465,0,0,0,.87,3.84A6.672,6.672,0,0,0,4371.97,1024.69Zm0.6-2.43a4.562,4.562,0,0,1-2.55-.71,4.755,4.755,0,0,1-1.66-1.89,5.83,5.83,0,0,1-.58-2.6,5.7,5.7,0,0,1,.58-2.57,4.717,4.717,0,0,1,1.66-1.9,4.557,4.557,0,0,1,2.55-.7,4.505,4.505,0,0,1,2.5.7,4.863,4.863,0,0,1,1.71,1.91,5.761,5.761,0,0,1,0,5.16,4.875,4.875,0,0,1-1.71,1.89A4.512,4.512,0,0,1,4372.57,1022.26Zm20.1,2.04h2.93v-7.39a6,6,0,0,1,1.03-3.66,3.191,3.191,0,0,1,2.65-1.36,2.632,2.632,0,0,1,2.27,1.05,5.05,5.05,0,0,1,.76,2.97v8.39h2.93v-7.58a5.729,5.729,0,0,1,1.01-3.47,3.156,3.156,0,0,1,2.68-1.36,2.55,2.55,0,0,1,2.41,1.21,6.146,6.146,0,0,1,.7,3.11v8.09h2.91v-8.75a7.2,7.2,0,0,0-1.26-4.31,4.506,4.506,0,0,0-3.92-1.76,5.222,5.222,0,0,0-4.98,3.22,4.98,4.98,0,0,0-1.7-2.38,4.674,4.674,0,0,0-2.85-.84,5.025,5.025,0,0,0-4.7,3.1h-0.06a21.821,21.821,0,0,0-.15-2.68h-2.81a30.414,30.414,0,0,1,.15,3.13v11.27Zm33.87,0.42a8.131,8.131,0,0,0,3.95-.96,7.126,7.126,0,0,0,2.79-2.71,8.386,8.386,0,0,0,0-7.98,7.026,7.026,0,0,0-2.79-2.67,8.708,8.708,0,0,0-7.91,0,7.048,7.048,0,0,0-2.78,2.69,7.694,7.694,0,0,0-1.02,3.97,7.782,7.782,0,0,0,1.02,3.98,7.124,7.124,0,0,0,2.78,2.72A8.17,8.17,0,0,0,4426.54,1024.72Zm0-2.46a4.766,4.766,0,0,1-2.61-.71,4.607,4.607,0,0,1-1.69-1.89,5.83,5.83,0,0,1-.58-2.6,5.7,5.7,0,0,1,.58-2.59,4.644,4.644,0,0,1,1.69-1.88,4.847,4.847,0,0,1,6.92,1.88,5.582,5.582,0,0,1,.6,2.59,5.712,5.712,0,0,1-.6,2.6A4.673,4.673,0,0,1,4426.54,1022.26Zm11.77,2.04h2.9v-7.24a6.38,6.38,0,0,1,.96-3.52,3.034,3.034,0,0,1,2.7-1.5,3.6,3.6,0,0,1,1.25.21l0.45-2.56a4.964,4.964,0,0,0-1.55-.21,3.61,3.61,0,0,0-2.27.84,5,5,0,0,0-1.57,2.32h-0.06a17.224,17.224,0,0,0-.18-2.74h-2.78a31.1,31.1,0,0,1,.15,3.55v10.85Zm16.89,0.42a10.154,10.154,0,0,0,5.84-1.65l-0.42-2.26a9.54,9.54,0,0,1-2.32,1.18,8.423,8.423,0,0,1-2.77.45,5.354,5.354,0,0,1-2.56-.62,4.757,4.757,0,0,1-1.83-1.7,4.815,4.815,0,0,1-.73-2.37h11.5q0.03-.3.03-0.9a8.417,8.417,0,0,0-.84-3.82,6.239,6.239,0,0,0-2.43-2.63,7.11,7.11,0,0,0-3.71-.95,7.365,7.365,0,0,0-3.72.96,7.06,7.06,0,0,0-2.65,2.69,8.613,8.613,0,0,0,.02,7.98,6.808,6.808,0,0,0,2.71,2.69A7.935,7.935,0,0,0,4455.2,1024.72Zm-4.76-8.9a4.714,4.714,0,0,1,2.18-3.62,4.336,4.336,0,0,1,2.37-.64,4.022,4.022,0,0,1,3.05,1.18,4.369,4.369,0,0,1,1.17,3.08h-8.77Z" transform="translate(-4236 -626)"/>
    <path id="You_deserve_business-grade._See_how_your_business_can_upgrade" data-name="You deserve business-grade.  See how your business  can upgrade" class="cls-2" d="M4309.18,768.666a9.366,9.366,0,0,0,8.65-5.292,11.872,11.872,0,0,0,1.22-5.376,11.754,11.754,0,0,0-1.22-5.355,9.4,9.4,0,0,0-3.46-3.822,9.526,9.526,0,0,0-5.15-1.407,8.618,8.618,0,0,0-4.34,1.113,8.127,8.127,0,0,0-3.05,2.961h-0.13V735.78l-4.07.588v26.838q0,2.48-.21,4.914h3.7a35.337,35.337,0,0,0,.33-3.738h0.13a7.44,7.44,0,0,0,3.13,3.15,9.156,9.156,0,0,0,4.47,1.134h0Zm-0.84-3.4a6.375,6.375,0,0,1-3.49-.987,6.963,6.963,0,0,1-2.43-2.646,7.767,7.767,0,0,1,0-7.182,7.15,7.15,0,0,1,2.43-2.667,6.286,6.286,0,0,1,3.49-1.008,6.4,6.4,0,0,1,3.57.987,6.52,6.52,0,0,1,2.33,2.646,7.955,7.955,0,0,1,.82,3.591,8.035,8.035,0,0,1-.82,3.633,6.5,6.5,0,0,1-2.33,2.646,6.385,6.385,0,0,1-3.57.987h0Zm23.35,3.4a7.76,7.76,0,0,0,4.14-1.176,6.782,6.782,0,0,0,2.75-3.108,26.926,26.926,0,0,0,.34,3.78l3.94-.042a32.455,32.455,0,0,1-.29-4.284V748h-4.07v10.332a7.754,7.754,0,0,1-1.56,5.061,4.894,4.894,0,0,1-3.99,1.911,3.719,3.719,0,0,1-3.48-1.68,8.141,8.141,0,0,1-1.01-4.284V748h-4.12v12.306a9.7,9.7,0,0,0,1.79,5.964q1.785,2.394,5.56,2.394h0Zm23.86,0.042a9.94,9.94,0,0,0,3.65-.672,6.345,6.345,0,0,0,2.8-2.079,5.574,5.574,0,0,0,1.07-3.465,4.654,4.654,0,0,0-1.62-3.759,13.209,13.209,0,0,0-4.68-2.289,14.37,14.37,0,0,1-3.55-1.407,2.141,2.141,0,0,1-.99-1.911,2.286,2.286,0,0,1,1.05-2.037,4.628,4.628,0,0,1,2.6-.693,7.042,7.042,0,0,1,2.65.546,10.364,10.364,0,0,1,2.39,1.344l1.56-2.772a10.272,10.272,0,0,0-2.96-1.512,11.882,11.882,0,0,0-3.89-.63,9.3,9.3,0,0,0-3.42.651,6.318,6.318,0,0,0-2.73,2.016,5.2,5.2,0,0,0-1.07,3.3,4.54,4.54,0,0,0,1.51,3.675,11.558,11.558,0,0,0,4.28,2.079,15.222,15.222,0,0,1,3.83,1.554,2.328,2.328,0,0,1,1.13,2.016,2.507,2.507,0,0,1-1.15,2.226,5.107,5.107,0,0,1-2.84.756,10.555,10.555,0,0,1-6.55-2.31l-0.59,3.276a10.829,10.829,0,0,0,3.26,1.491,14.713,14.713,0,0,0,4.26.609h0Zm14.87-25.62a2.52,2.52,0,0,0,0-5.04,2.507,2.507,0,0,0-1.81.735,2.476,2.476,0,0,0,0,3.57,2.5,2.5,0,0,0,1.81.735h0Zm-2.06,25.032h4.07V748h-4.07V768.12Zm11.04,0h4.12V757.578a7.551,7.551,0,0,1,1.53-4.935,4.9,4.9,0,0,1,3.97-1.869,3.787,3.787,0,0,1,3.49,1.7,7.987,7.987,0,0,1,1.05,4.263V768.12h4.07V755.772a9.645,9.645,0,0,0-1.8-5.964,6.561,6.561,0,0,0-5.59-2.394,7.538,7.538,0,0,0-4.14,1.2,6.714,6.714,0,0,0-2.66,3.129h-0.09q0-1.216-.21-3.738h-3.95a41.867,41.867,0,0,1,.21,4.326V768.12Zm34.23,0.588a14.231,14.231,0,0,0,8.19-2.31l-0.59-3.15a12.8,12.8,0,0,1-3.25,1.638,11.839,11.839,0,0,1-3.89.63,7.526,7.526,0,0,1-3.59-.861,6.686,6.686,0,0,1-2.56-2.373,6.788,6.788,0,0,1-1.03-3.318h16.13c0.03-.279.04-0.7,0.04-1.26a11.822,11.822,0,0,0-1.17-5.334,8.741,8.741,0,0,0-3.41-3.675,9.982,9.982,0,0,0-5.2-1.323,10.318,10.318,0,0,0-5.21,1.344,9.793,9.793,0,0,0-3.72,3.759,11.031,11.031,0,0,0-1.36,5.523,11.215,11.215,0,0,0,1.38,5.628,9.651,9.651,0,0,0,3.8,3.759,11.152,11.152,0,0,0,5.44,1.323h0Zm-6.68-12.432a6.485,6.485,0,0,1,.87-2.772,6.325,6.325,0,0,1,2.2-2.289,6.086,6.086,0,0,1,3.32-.9,5.659,5.659,0,0,1,4.28,1.659,6.085,6.085,0,0,1,1.64,4.3h-12.31Zm27.68,12.432a9.993,9.993,0,0,0,3.66-.672,6.316,6.316,0,0,0,2.79-2.079,5.574,5.574,0,0,0,1.07-3.465,4.654,4.654,0,0,0-1.62-3.759,13.209,13.209,0,0,0-4.68-2.289,14.544,14.544,0,0,1-3.55-1.407,2.141,2.141,0,0,1-.99-1.911,2.286,2.286,0,0,1,1.05-2.037,4.639,4.639,0,0,1,2.61-.693,6.955,6.955,0,0,1,2.64.546,10.437,10.437,0,0,1,2.4,1.344l1.55-2.772A10.142,10.142,0,0,0,4438.6,748a11.822,11.822,0,0,0-3.88-.63,9.348,9.348,0,0,0-3.43.651,6.438,6.438,0,0,0-2.73,2.016,5.2,5.2,0,0,0-1.07,3.3,4.571,4.571,0,0,0,1.51,3.675,11.533,11.533,0,0,0,4.29,2.079,15.281,15.281,0,0,1,3.82,1.554,2.306,2.306,0,0,1,1.13,2.016,2.486,2.486,0,0,1-1.15,2.226,5.084,5.084,0,0,1-2.84.756,10.576,10.576,0,0,1-6.55-2.31l-0.59,3.276a10.947,10.947,0,0,0,3.26,1.491,14.813,14.813,0,0,0,4.26.609h0Zm18.78,0a9.978,9.978,0,0,0,3.65-.672,6.261,6.261,0,0,0,2.79-2.079,5.512,5.512,0,0,0,1.07-3.465,4.677,4.677,0,0,0-1.61-3.759,13.179,13.179,0,0,0-4.69-2.289,14.721,14.721,0,0,1-3.55-1.407,2.154,2.154,0,0,1-.98-1.911,2.286,2.286,0,0,1,1.05-2.037,4.628,4.628,0,0,1,2.6-.693,7.042,7.042,0,0,1,2.65.546,10.577,10.577,0,0,1,2.39,1.344l1.56-2.772a10.34,10.34,0,0,0-2.97-1.512,11.779,11.779,0,0,0-3.88-.63,9.258,9.258,0,0,0-3.42.651,6.318,6.318,0,0,0-2.73,2.016,5.147,5.147,0,0,0-1.07,3.3,4.54,4.54,0,0,0,1.51,3.675,11.48,11.48,0,0,0,4.28,2.079,15.116,15.116,0,0,1,3.82,1.554,2.316,2.316,0,0,1,1.14,2.016,2.494,2.494,0,0,1-1.16,2.226,5.05,5.05,0,0,1-2.83.756,10.555,10.555,0,0,1-6.55-2.31l-0.59,3.276a10.762,10.762,0,0,0,3.25,1.491,14.831,14.831,0,0,0,4.27.609h0Zm11.25-9.7h9.37V755.73h-9.37v3.276Zm23.9,19.362c3.58,0,6.31-.994,8.17-2.982s2.79-4.718,2.79-8.19V752.412c0-1.6.04-3.066,0.13-4.41h-3.78c-0.17,1.625-.25,2.856-0.25,3.7h-0.09a7.819,7.819,0,0,0-3.17-3.171,9.025,9.025,0,0,0-4.39-1.113,9.485,9.485,0,0,0-5.19,1.428,9.616,9.616,0,0,0-3.46,3.843A11.658,11.658,0,0,0,4478.1,758a11.526,11.526,0,0,0,1.22,5.292,9.209,9.209,0,0,0,3.49,3.78,9.752,9.752,0,0,0,5.2,1.386,8.8,8.8,0,0,0,4.33-1.092,7.583,7.583,0,0,0,3.02-2.982h0.13v3.108a8.113,8.113,0,0,1-1.76,5.481q-1.77,2.037-5.42,2.037a13.188,13.188,0,0,1-4.39-.756,15.52,15.52,0,0,1-3.84-1.932l-0.68,3.57a17.4,17.4,0,0,0,4.25,1.785,17.84,17.84,0,0,0,4.91.693h0Zm0.25-13.23a6.357,6.357,0,0,1-5.88-3.612,8.067,8.067,0,0,1-.8-3.57,8.168,8.168,0,0,1,.8-3.612,6.261,6.261,0,0,1,2.33-2.6,6.969,6.969,0,0,1,7.08,0,6.634,6.634,0,0,1,2.41,2.625,7.889,7.889,0,0,1,0,7.2,6.651,6.651,0,0,1-2.41,2.6,6.542,6.542,0,0,1-3.53.966h0Zm17.64,2.982h4.07V758a8.892,8.892,0,0,1,1.35-4.914,4.236,4.236,0,0,1,3.78-2.1,5.077,5.077,0,0,1,1.76.294l0.63-3.57a6.985,6.985,0,0,0-2.18-.294,5.031,5.031,0,0,0-3.17,1.176,6.864,6.864,0,0,0-2.21,3.234h-0.08a24.942,24.942,0,0,0-.25-3.822h-3.91a43.27,43.27,0,0,1,.21,4.956V768.12Zm19.49,0.546a9.147,9.147,0,0,0,4.18-.987,5.871,5.871,0,0,0,2.79-2.793h0.13a14.582,14.582,0,0,0,.1,1.512c0.07,0.645.15,1.218,0.23,1.722h3.7a23.01,23.01,0,0,1-.29-4.158v-8.4q0-4.073-2.1-6.132a8.194,8.194,0,0,0-5.97-2.058,13.52,13.52,0,0,0-7.98,2.394l1.05,3.024a10.56,10.56,0,0,1,2.92-1.638,9.189,9.189,0,0,1,3.3-.672,5.259,5.259,0,0,1,3.57,1.134,4.3,4.3,0,0,1,1.3,3.4v0.8h-1.68a21.334,21.334,0,0,0-8.23,1.47,5.237,5.237,0,0,0-3.32,5.25,5.577,5.577,0,0,0,1.87,4.62,6.81,6.81,0,0,0,4.43,1.512h0Zm1.09-2.9a4.016,4.016,0,0,1-2.54-.8,2.976,2.976,0,0,1-1.03-2.52q0-4.158,7.86-4.158H4533v1.554a5.957,5.957,0,0,1-.72,2.856,5.846,5.846,0,0,1-2.06,2.205,5.765,5.765,0,0,1-3.19.861h0Zm24.87,2.9a9.212,9.212,0,0,0,4.47-1.134,7.77,7.77,0,0,0,3.17-3.15h0.08c0,0.813.06,2.058,0.17,3.738h3.82c-0.11-2.239-.16-3.906-0.16-5V735.738l-4.08.63v15.12h-0.08a8.261,8.261,0,0,0-3.09-2.982,8.759,8.759,0,0,0-4.35-1.092,9.271,9.271,0,0,0-5.12,1.428,9.788,9.788,0,0,0-3.47,3.843,11.538,11.538,0,0,0-1.23,5.313,11.866,11.866,0,0,0,1.21,5.376,9.4,9.4,0,0,0,8.66,5.292h0Zm0.84-3.4a6.339,6.339,0,0,1-3.57-.987,6.591,6.591,0,0,1-2.34-2.646,8.162,8.162,0,0,1-.81-3.633,8.081,8.081,0,0,1,.81-3.591,6.618,6.618,0,0,1,2.34-2.646,6.823,6.823,0,0,1,7.07,0,6.878,6.878,0,0,1,2.4,2.667,7.861,7.861,0,0,1,.86,3.612,7.722,7.722,0,0,1-.86,3.591,6.888,6.888,0,0,1-2.4,2.646,6.314,6.314,0,0,1-3.5.987h0Zm26.92,3.444a14.231,14.231,0,0,0,8.19-2.31l-0.59-3.15a12.865,12.865,0,0,1-3.26,1.638,11.779,11.779,0,0,1-3.88.63,7.5,7.5,0,0,1-3.59-.861,6.616,6.616,0,0,1-2.56-2.373,6.685,6.685,0,0,1-1.03-3.318h16.12a12.527,12.527,0,0,0,.05-1.26,11.825,11.825,0,0,0-1.18-5.334,8.718,8.718,0,0,0-3.4-3.675,10.019,10.019,0,0,0-5.21-1.323,10.344,10.344,0,0,0-5.21,1.344,9.768,9.768,0,0,0-3.71,3.759,11.953,11.953,0,0,0,.02,11.151,9.587,9.587,0,0,0,3.8,3.759,11.125,11.125,0,0,0,5.44,1.323h0Zm-6.68-12.432a6.331,6.331,0,0,1,.86-2.772,6.408,6.408,0,0,1,2.2-2.289,6.11,6.11,0,0,1,3.32-.9,5.7,5.7,0,0,1,4.29,1.659,6.078,6.078,0,0,1,1.63,4.3h-12.3Zm23.94,12.18a2.67,2.67,0,0,0,1.93-.777,2.741,2.741,0,0,0-1.93-4.683,2.584,2.584,0,0,0-1.93.819,2.72,2.72,0,0,0,1.93,4.641h0Z" transform="translate(-4236 -626)"/>
    <path id="You_deserve_business-grade._See_how_your_business_can_upgrade_copy" data-name="You deserve business-grade.  See how your business  can upgrade copy" class="cls-3" d="M4304.98,720.12h2.56V707.226l10.63-16.842h-2.98L4306.32,705l-8.86-14.616h-3.11l10.63,16.842V720.12Zm22.34,0.588a10.811,10.811,0,0,0,5.38-1.344,9.711,9.711,0,0,0,3.76-3.738,11.347,11.347,0,0,0,0-10.773,9.618,9.618,0,0,0-3.76-3.7,10.947,10.947,0,0,0-5.38-1.323,10.8,10.8,0,0,0-5.35,1.323,9.7,9.7,0,0,0-3.74,3.7,11.347,11.347,0,0,0,0,10.773,9.8,9.8,0,0,0,3.74,3.738,10.671,10.671,0,0,0,5.35,1.344h0Zm0-2.1a7.854,7.854,0,0,1-4.22-1.134,7.52,7.52,0,0,1-2.79-3.045,9.532,9.532,0,0,1,0-8.379,7.423,7.423,0,0,1,2.79-3,8.576,8.576,0,0,1,8.45,0,7.611,7.611,0,0,1,2.81,3,8.915,8.915,0,0,1,.99,4.2,9.181,9.181,0,0,1-.97,4.179,7.451,7.451,0,0,1-2.79,3.045,7.931,7.931,0,0,1-4.27,1.134h0Zm23.65,2.058a7.8,7.8,0,0,0,4.35-1.3,7.112,7.112,0,0,0,2.83-3.486c0.17,2.184.3,3.612,0.38,4.284l2.44-.042a18.969,18.969,0,0,1-.28-2.268c-0.07-.924-0.1-1.693-0.1-2.31V700.464h-2.44v9.786a10.814,10.814,0,0,1-.86,4.515,6.608,6.608,0,0,1-2.35,2.9,5.907,5.907,0,0,1-3.34.987,4.466,4.466,0,0,1-4.14-1.953,9.287,9.287,0,0,1-1.19-4.893v-11.34h-2.48v11.97a9.615,9.615,0,0,0,1.74,5.88,6.325,6.325,0,0,0,5.44,2.352h0Zm36.37,0a9.128,9.128,0,0,0,4.68-1.26,8.774,8.774,0,0,0,3.39-3.57h0.08q0,1.89.21,4.284h2.35q-0.21-2.812-.21-5V687.864l-2.43.5v16.338h-0.09a8.5,8.5,0,0,0-3.32-3.57,9,9,0,0,0-4.66-1.26,9.688,9.688,0,0,0-5.14,1.365,9.342,9.342,0,0,0-3.49,3.759,11.292,11.292,0,0,0-1.24,5.292,11.164,11.164,0,0,0,1.24,5.271,9.357,9.357,0,0,0,3.49,3.738,9.679,9.679,0,0,0,5.14,1.365h0Zm0.34-2.058a7.269,7.269,0,0,1-6.79-4.137,9.759,9.759,0,0,1,0-8.358,7.58,7.58,0,0,1,2.69-3.045,7.816,7.816,0,0,1,8.11,0,7.9,7.9,0,0,1,2.79,3.045,8.847,8.847,0,0,1,1.01,4.179,8.72,8.72,0,0,1-1.01,4.158,7.93,7.93,0,0,1-2.79,3.024,7.329,7.329,0,0,1-4.01,1.134h0Zm26.5,2.1a12.622,12.622,0,0,0,7.85-2.478l-0.42-2.1a11.119,11.119,0,0,1-3.19,1.827,10.987,10.987,0,0,1-4.03.735,7.6,7.6,0,0,1-4.05-1.092,7.836,7.836,0,0,1-2.8-2.919,8.638,8.638,0,0,1-1.05-4.053h16.68c0.02-.223.04-0.573,0.04-1.05a10.983,10.983,0,0,0-1.09-4.914,8.408,8.408,0,0,0-3.22-3.528,10.2,10.2,0,0,0-10.01.021,9.373,9.373,0,0,0-3.51,3.675,11.019,11.019,0,0,0-1.28,5.334,11.217,11.217,0,0,0,1.3,5.46,9.56,9.56,0,0,0,3.59,3.738,10.077,10.077,0,0,0,5.19,1.344h0Zm-7.64-11.886a7.721,7.721,0,0,1,.94-3.192,7.548,7.548,0,0,1,2.5-2.751,7.416,7.416,0,0,1,8.9.819,7.328,7.328,0,0,1,1.98,5.124h-14.32Zm28.39,11.844a8.238,8.238,0,0,0,3.25-.651,5.8,5.8,0,0,0,2.48-1.953,5.141,5.141,0,0,0,.94-3.108,4.428,4.428,0,0,0-1.47-3.486,13.037,13.037,0,0,0-4.57-2.31,15.052,15.052,0,0,1-3.89-1.743,2.681,2.681,0,0,1-1.11-2.289,2.8,2.8,0,0,1,1.22-2.478,5.266,5.266,0,0,1,3.06-.84,7.333,7.333,0,0,1,2.8.546,9.155,9.155,0,0,1,2.33,1.386l1.05-1.806a10.926,10.926,0,0,0-2.75-1.47,9.835,9.835,0,0,0-3.51-.63,8.213,8.213,0,0,0-3.13.609,5.775,5.775,0,0,0-2.44,1.848,4.741,4.741,0,0,0-.94,2.961,4.285,4.285,0,0,0,1.38,3.423,12.5,12.5,0,0,0,4.2,2.121,15.6,15.6,0,0,1,4.14,1.848,2.817,2.817,0,0,1,1.28,2.394,3.2,3.2,0,0,1-1.3,2.709,4.988,4.988,0,0,1-3.11.987,9.592,9.592,0,0,1-6.55-2.394l-0.42,2.142a9.2,9.2,0,0,0,3.05,1.575,12.829,12.829,0,0,0,4.01.609h0Zm21.21,0.042a12.622,12.622,0,0,0,7.85-2.478l-0.42-2.1a11.257,11.257,0,0,1-3.19,1.827,11.025,11.025,0,0,1-4.03.735,7.605,7.605,0,0,1-4.06-1.092,7.734,7.734,0,0,1-2.79-2.919,8.638,8.638,0,0,1-1.05-4.053h16.67a8.485,8.485,0,0,0,.05-1.05,10.989,10.989,0,0,0-1.1-4.914,8.384,8.384,0,0,0-3.21-3.528,9.7,9.7,0,0,0-13.52,3.7,10.908,10.908,0,0,0-1.28,5.334,11.217,11.217,0,0,0,1.3,5.46,9.491,9.491,0,0,0,3.59,3.738,10.052,10.052,0,0,0,5.19,1.344h0Zm-7.65-11.886a7.743,7.743,0,0,1,.95-3.192,7.461,7.461,0,0,1,2.5-2.751,7.416,7.416,0,0,1,8.9.819,7.278,7.278,0,0,1,1.97,5.124h-14.32Zm22.98,11.3h2.47v-9.786a10.983,10.983,0,0,1,1.49-5.859,4.584,4.584,0,0,1,4.06-2.415,5.553,5.553,0,0,1,1.76.294l0.51-2.142a6.7,6.7,0,0,0-2.1-.336,5.4,5.4,0,0,0-3.39,1.281,7.453,7.453,0,0,0-2.37,3.549h-0.08a36.6,36.6,0,0,0-.21-4.242h-2.35a38.7,38.7,0,0,1,.21,4.788V720.12Zm18.31,0h2.81l7.31-19.656h-2.52l-6.17,17.178-6.35-17.178h-2.64Zm23.01,0.588a12.671,12.671,0,0,0,7.86-2.478l-0.42-2.1a11.257,11.257,0,0,1-3.19,1.827,11.04,11.04,0,0,1-4.04.735,7.6,7.6,0,0,1-4.05-1.092,7.734,7.734,0,0,1-2.79-2.919,8.521,8.521,0,0,1-1.05-4.053h16.67a8.989,8.989,0,0,0,.04-1.05,10.983,10.983,0,0,0-1.09-4.914,8.449,8.449,0,0,0-3.21-3.528,9.717,9.717,0,0,0-13.53,3.7,11.019,11.019,0,0,0-1.28,5.334,11.222,11.222,0,0,0,1.31,5.46,9.423,9.423,0,0,0,3.59,3.738,10.015,10.015,0,0,0,5.18,1.344h0Zm-7.64-11.886a7.721,7.721,0,0,1,.94-3.192,7.637,7.637,0,0,1,2.5-2.751,7.431,7.431,0,0,1,8.91.819,7.322,7.322,0,0,1,1.97,5.124h-14.32Zm-200.29,146.02a10.425,10.425,0,0,0,4.26-.874,7.475,7.475,0,0,0,3.17-2.6,7.112,7.112,0,0,0,1.2-4.161,5.939,5.939,0,0,0-1.11-3.724,7.547,7.547,0,0,0-2.66-2.223,32.712,32.712,0,0,0-4.14-1.653,27.864,27.864,0,0,1-3.38-1.349,5.969,5.969,0,0,1-2.09-1.71,4.362,4.362,0,0,1-.84-2.755,4.6,4.6,0,0,1,.94-2.945,5.6,5.6,0,0,1,2.39-1.786,8.091,8.091,0,0,1,3.06-.589,10,10,0,0,1,3.63.7,11.172,11.172,0,0,1,2.98,1.653l0.68-2.09a11.8,11.8,0,0,0-3.32-1.615,12.973,12.973,0,0,0-3.97-.627,10.844,10.844,0,0,0-4.26.836,7.5,7.5,0,0,0-3.19,2.508,6.671,6.671,0,0,0-1.22,4.028,6.176,6.176,0,0,0,1.05,3.724,7.556,7.556,0,0,0,2.58,2.261,28.842,28.842,0,0,0,3.94,1.653,34.932,34.932,0,0,1,3.57,1.425,6.09,6.09,0,0,1,2.15,1.71,4.309,4.309,0,0,1,.85,2.755,4.769,4.769,0,0,1-1.86,3.99,7.106,7.106,0,0,1-4.49,1.444,11.817,11.817,0,0,1-7.67-3l-0.5,2.2a11.317,11.317,0,0,0,3.69,2.014,13.727,13.727,0,0,0,4.56.8h0Zm22.27-.19a11.411,11.411,0,0,0,7.1-2.242l-0.38-1.9a10.365,10.365,0,0,1-6.53,2.318,6.9,6.9,0,0,1-3.67-.988,7.017,7.017,0,0,1-2.53-2.641,7.925,7.925,0,0,1-.95-3.667h15.09a7.372,7.372,0,0,0,.04-0.95,9.942,9.942,0,0,0-.99-4.446,7.624,7.624,0,0,0-2.91-3.192,8.776,8.776,0,0,0-12.23,3.344,9.847,9.847,0,0,0-1.16,4.826,10.119,10.119,0,0,0,1.18,4.94,8.506,8.506,0,0,0,3.25,3.382,9.073,9.073,0,0,0,4.69,1.216h0Zm-6.92-10.754a7.011,7.011,0,0,1,.86-2.888,6.826,6.826,0,0,1,2.26-2.489,6.706,6.706,0,0,1,8.05.741,6.609,6.609,0,0,1,1.79,4.636h-12.96Zm28.46,10.754a11.44,11.44,0,0,0,7.11-2.242l-0.38-1.9a10.136,10.136,0,0,1-2.89,1.653,9.942,9.942,0,0,1-3.65.665,6.861,6.861,0,0,1-3.66-.988,7.017,7.017,0,0,1-2.53-2.641,7.805,7.805,0,0,1-.95-3.667h15.09q0.03-.3.03-0.95a9.937,9.937,0,0,0-.98-4.446,7.624,7.624,0,0,0-2.91-3.192,8.8,8.8,0,0,0-12.24,3.344,9.958,9.958,0,0,0-1.16,4.826,10.231,10.231,0,0,0,1.18,4.94,8.643,8.643,0,0,0,3.25,3.382,9.1,9.1,0,0,0,4.69,1.216h0Zm-6.91-10.754a6.989,6.989,0,0,1,.85-2.888,6.915,6.915,0,0,1,2.26-2.489,6.721,6.721,0,0,1,8.06.741,6.609,6.609,0,0,1,1.79,4.636h-12.96Zm30.25,10.222h2.24v-8.664a10.314,10.314,0,0,1,.78-4.218,6.113,6.113,0,0,1,2.13-2.66,5.179,5.179,0,0,1,2.98-.912,4.076,4.076,0,0,1,3.76,1.767,8.1,8.1,0,0,1,1.1,4.389v10.3h2.21V843.252a8.739,8.739,0,0,0-1.56-5.339,5.741,5.741,0,0,0-4.94-2.109,6.977,6.977,0,0,0-3.9,1.159,6.3,6.3,0,0,0-2.49,3.135h-0.07V825.126l-2.24.342V854.12Zm30.13,0.532a9.73,9.73,0,0,0,4.86-1.216,8.837,8.837,0,0,0,3.41-3.382,10.27,10.27,0,0,0,0-9.747,8.747,8.747,0,0,0-3.41-3.344,9.856,9.856,0,0,0-4.86-1.2,9.752,9.752,0,0,0-4.84,1.2,8.763,8.763,0,0,0-3.39,3.344,10.27,10.27,0,0,0,0,9.747,8.854,8.854,0,0,0,3.39,3.382,9.628,9.628,0,0,0,4.84,1.216h0Zm0-1.9a7.1,7.1,0,0,1-3.82-1.026,6.861,6.861,0,0,1-2.53-2.755,8.692,8.692,0,0,1,0-7.581,6.767,6.767,0,0,1,2.53-2.717,7.749,7.749,0,0,1,7.64,0,6.886,6.886,0,0,1,2.55,2.717,8.56,8.56,0,0,1,.01,7.581,6.767,6.767,0,0,1-2.52,2.755,7.167,7.167,0,0,1-3.86,1.026h0Zm18.09,1.368h2.47l5.05-15.162h0.08l5.13,15.162h2.43l5.51-17.784h-2.32l-4.41,15.238h-0.07l-5.06-15.238h-2.43l-4.98,15.238h-0.11l-4.37-15.238h-2.39Zm32.98,7.144,0.61,1.976a7.227,7.227,0,0,0,4.01-1.159,6.994,6.994,0,0,0,2.41-3.477l8.29-22.268h-2.4l-5.39,15.428-6.16-15.428h-2.47l7.49,17.936L4458.23,858a4.9,4.9,0,0,1-1.84,2.47,6.485,6.485,0,0,1-3.18.8h0Zm27.59-6.612a9.73,9.73,0,0,0,4.86-1.216,8.837,8.837,0,0,0,3.41-3.382,10.27,10.27,0,0,0,0-9.747,8.747,8.747,0,0,0-3.41-3.344,9.856,9.856,0,0,0-4.86-1.2,9.752,9.752,0,0,0-4.84,1.2,8.763,8.763,0,0,0-3.39,3.344,10.27,10.27,0,0,0,0,9.747,8.854,8.854,0,0,0,3.39,3.382,9.628,9.628,0,0,0,4.84,1.216h0Zm0-1.9a7.1,7.1,0,0,1-3.82-1.026,6.861,6.861,0,0,1-2.53-2.755,8.692,8.692,0,0,1,0-7.581,6.767,6.767,0,0,1,2.53-2.717,7.749,7.749,0,0,1,7.64,0,6.886,6.886,0,0,1,2.55,2.717,8.56,8.56,0,0,1,.01,7.581,6.767,6.767,0,0,1-2.52,2.755,7.167,7.167,0,0,1-3.86,1.026h0Zm21.39,1.862a7.092,7.092,0,0,0,3.94-1.178,6.42,6.42,0,0,0,2.56-3.154c0.15,1.976.27,3.268,0.34,3.876l2.21-.038a18.425,18.425,0,0,1-.25-2.052q-0.09-1.254-.09-2.09V836.336h-2.21v8.854a9.862,9.862,0,0,1-.78,4.085,6.043,6.043,0,0,1-2.12,2.622,5.366,5.366,0,0,1-3.03.893,4.031,4.031,0,0,1-3.74-1.767,8.355,8.355,0,0,1-1.08-4.427v-10.26h-2.24v10.83a8.7,8.7,0,0,0,1.57,5.32,5.728,5.728,0,0,0,4.92,2.128h0Zm15.93-.494h2.24v-8.854a9.9,9.9,0,0,1,1.35-5.3,4.13,4.13,0,0,1,3.66-2.185,5.008,5.008,0,0,1,1.6.266l0.46-1.938a5.99,5.99,0,0,0-1.9-.3,4.847,4.847,0,0,0-3.06,1.159,6.656,6.656,0,0,0-2.15,3.211h-0.08a32.381,32.381,0,0,0-.19-3.838h-2.12a36.414,36.414,0,0,1,.19,4.332V854.12Zm31.99,0.494a8.722,8.722,0,0,0,4.62-1.235,8.427,8.427,0,0,0,3.15-3.382,10.794,10.794,0,0,0,0-9.576,8.461,8.461,0,0,0-3.13-3.382,8.694,8.694,0,0,0-4.64-1.235,8.2,8.2,0,0,0-4.22,1.14,7.729,7.729,0,0,0-3,3.23h-0.07v-15.2l-2.25.418v24.32c0,1.6-.06,3.066-0.19,4.408h2.06c0.12-1.14.21-2.432,0.26-3.876h0.12a7.039,7.039,0,0,0,2.96,3.211,8.538,8.538,0,0,0,4.33,1.159h0Zm-0.34-1.862a6.557,6.557,0,0,1-3.59-1.026,7.193,7.193,0,0,1-2.53-2.736,7.843,7.843,0,0,1-.91-3.762,7.955,7.955,0,0,1,.91-3.781,7.161,7.161,0,0,1,2.53-2.755,6.557,6.557,0,0,1,3.59-1.026,6.684,6.684,0,0,1,6.18,3.781,8.409,8.409,0,0,1,.85,3.781,8.29,8.29,0,0,1-.85,3.762,6.8,6.8,0,0,1-2.46,2.736,6.709,6.709,0,0,1-3.72,1.026h0Zm21.13,1.862a7.036,7.036,0,0,0,3.93-1.178,6.494,6.494,0,0,0,2.57-3.154c0.15,1.976.26,3.268,0.34,3.876l2.2-.038a18.753,18.753,0,0,1-.24-2.052c-0.07-.836-0.1-1.532-0.1-2.09V836.336h-2.2v8.854a9.862,9.862,0,0,1-.78,4.085,5.992,5.992,0,0,1-2.13,2.622,5.357,5.357,0,0,1-3.02.893,4.031,4.031,0,0,1-3.74-1.767,8.264,8.264,0,0,1-1.09-4.427v-10.26h-2.24v10.83a8.7,8.7,0,0,0,1.58,5.32,5.716,5.716,0,0,0,4.92,2.128h0Zm20.82,0a7.489,7.489,0,0,0,2.95-.589,5.256,5.256,0,0,0,2.24-1.767,4.653,4.653,0,0,0,.85-2.812,3.994,3.994,0,0,0-1.33-3.154,11.693,11.693,0,0,0-4.14-2.09,13.61,13.61,0,0,1-3.51-1.577,2.43,2.43,0,0,1-1.01-2.071,2.557,2.557,0,0,1,1.1-2.242,4.8,4.8,0,0,1,2.78-.76,6.525,6.525,0,0,1,2.52.494,8.128,8.128,0,0,1,2.11,1.254l0.95-1.634a9.8,9.8,0,0,0-2.49-1.33,8.822,8.822,0,0,0-3.17-.57,7.412,7.412,0,0,0-2.83.551,5.17,5.17,0,0,0-2.2,1.672,4.3,4.3,0,0,0-.86,2.679,3.886,3.886,0,0,0,1.25,3.1,11.325,11.325,0,0,0,3.8,1.919,14.27,14.27,0,0,1,3.75,1.672,2.569,2.569,0,0,1,1.16,2.166,2.922,2.922,0,0,1-1.18,2.451,4.519,4.519,0,0,1-2.81.893,8.689,8.689,0,0,1-5.93-2.166l-0.38,1.938a8.443,8.443,0,0,0,2.75,1.425,11.683,11.683,0,0,0,3.63.551h0Zm12.58-23.788a1.536,1.536,0,0,0,1.12-.475,1.568,1.568,0,0,0,.48-1.159,1.507,1.507,0,0,0-.48-1.14,1.569,1.569,0,0,0-1.12-.456,1.631,1.631,0,0,0-1.6,1.6,1.568,1.568,0,0,0,.48,1.159,1.536,1.536,0,0,0,1.12.475h0Zm-1.1,23.294h2.24V836.336h-2.24V854.12Zm9.31,0h2.24v-9.082a9.273,9.273,0,0,1,.78-3.952,5.826,5.826,0,0,1,2.15-2.546,5.457,5.457,0,0,1,3-.874,4.028,4.028,0,0,1,3.72,1.767,8.1,8.1,0,0,1,1.1,4.389v10.3h2.25V843.252a8.529,8.529,0,0,0-1.62-5.32,5.876,5.876,0,0,0-5-2.128,6.805,6.805,0,0,0-3.89,1.2,6.637,6.637,0,0,0-2.53,3.173h-0.07a33.363,33.363,0,0,0-.19-3.838h-2.09q0.15,1.368.15,4.142V854.12Zm29.79,0.532a11.46,11.46,0,0,0,7.11-2.242l-0.38-1.9a10.275,10.275,0,0,1-2.89,1.653,9.98,9.98,0,0,1-3.65.665,6.9,6.9,0,0,1-3.67-.988,6.991,6.991,0,0,1-2.52-2.641,7.69,7.69,0,0,1-.95-3.667h15.08a7.372,7.372,0,0,0,.04-0.95,9.942,9.942,0,0,0-.99-4.446,7.666,7.666,0,0,0-2.9-3.192,8.783,8.783,0,0,0-12.24,3.344,9.958,9.958,0,0,0-1.16,4.826,10.119,10.119,0,0,0,1.18,4.94,8.574,8.574,0,0,0,3.25,3.382,9.073,9.073,0,0,0,4.69,1.216h0Zm-6.92-10.754a7.166,7.166,0,0,1,.86-2.888,6.826,6.826,0,0,1,2.26-2.489,6.721,6.721,0,0,1,8.06.741,6.6,6.6,0,0,1,1.78,4.636h-12.96Zm25.69,10.716a7.489,7.489,0,0,0,2.95-.589,5.256,5.256,0,0,0,2.24-1.767,4.653,4.653,0,0,0,.85-2.812,3.994,3.994,0,0,0-1.33-3.154,11.693,11.693,0,0,0-4.14-2.09,13.61,13.61,0,0,1-3.51-1.577,2.43,2.43,0,0,1-1.01-2.071,2.557,2.557,0,0,1,1.1-2.242,4.8,4.8,0,0,1,2.78-.76,6.525,6.525,0,0,1,2.52.494,8.128,8.128,0,0,1,2.11,1.254l0.95-1.634a9.8,9.8,0,0,0-2.49-1.33,8.822,8.822,0,0,0-3.17-.57,7.412,7.412,0,0,0-2.83.551,5.17,5.17,0,0,0-2.2,1.672,4.3,4.3,0,0,0-.86,2.679,3.886,3.886,0,0,0,1.25,3.1,11.325,11.325,0,0,0,3.8,1.919,14.27,14.27,0,0,1,3.75,1.672,2.569,2.569,0,0,1,1.16,2.166,2.922,2.922,0,0,1-1.18,2.451,4.519,4.519,0,0,1-2.81.893,8.689,8.689,0,0,1-5.93-2.166l-0.38,1.938a8.443,8.443,0,0,0,2.75,1.425,11.683,11.683,0,0,0,3.63.551h0Zm16.42,0a7.4,7.4,0,0,0,2.94-.589,5.225,5.225,0,0,0,2.25-1.767,4.653,4.653,0,0,0,.85-2.812,3.994,3.994,0,0,0-1.33-3.154,11.874,11.874,0,0,0-4.14-2.09,13.715,13.715,0,0,1-3.52-1.577,2.421,2.421,0,0,1-1-2.071,2.535,2.535,0,0,1,1.1-2.242,4.767,4.767,0,0,1,2.77-.76,6.575,6.575,0,0,1,2.53.494,8.128,8.128,0,0,1,2.11,1.254l0.95-1.634a9.8,9.8,0,0,0-2.49-1.33,8.861,8.861,0,0,0-3.17-.57,7.375,7.375,0,0,0-2.83.551,5.2,5.2,0,0,0-2.21,1.672,4.288,4.288,0,0,0-.85,2.679,3.854,3.854,0,0,0,1.25,3.1,11.227,11.227,0,0,0,3.8,1.919,14.174,14.174,0,0,1,3.74,1.672,2.545,2.545,0,0,1,1.16,2.166,2.9,2.9,0,0,1-1.18,2.451,4.5,4.5,0,0,1-2.81.893,8.707,8.707,0,0,1-5.93-2.166l-0.38,1.938a8.4,8.4,0,0,0,2.76,1.425,11.683,11.683,0,0,0,3.63.551h0Zm-371.95,45.038a9.65,9.65,0,0,0,3.44-.608,8.4,8.4,0,0,0,2.68-1.558l-0.34-1.862a8.618,8.618,0,0,1-2.53,1.558,8.286,8.286,0,0,1-3.06.532,7.033,7.033,0,0,1-3.76-1.007,6.782,6.782,0,0,1-2.51-2.717,8.175,8.175,0,0,1-.87-3.762,8.293,8.293,0,0,1,.87-3.781,6.987,6.987,0,0,1,2.49-2.755,6.793,6.793,0,0,1,3.71-1.026,7.953,7.953,0,0,1,2.79.513,6.249,6.249,0,0,1,2.3,1.425l0.91-1.71a7.235,7.235,0,0,0-2.66-1.539,10.1,10.1,0,0,0-3.38-.589,9.5,9.5,0,0,0-4.79,1.216,8.734,8.734,0,0,0-3.34,3.382,10.419,10.419,0,0,0-.02,9.747,8.555,8.555,0,0,0,3.31,3.344,9.449,9.449,0,0,0,4.76,1.2h0Zm15.05-.038a8.221,8.221,0,0,0,4.01-1.007,5.748,5.748,0,0,0,2.64-2.945h0.12c0,0.532.02,1.14,0.07,1.824s0.12,1.229.19,1.634h2.05a19.514,19.514,0,0,1-.3-3.876v-7.676a6.7,6.7,0,0,0-1.8-5.092,7.059,7.059,0,0,0-5.04-1.71,11.275,11.275,0,0,0-3.61.589,9.043,9.043,0,0,0-3,1.653l0.64,1.748a9.583,9.583,0,0,1,2.65-1.558,7.937,7.937,0,0,1,3.02-.646,5.27,5.27,0,0,1,3.7,1.235,4.674,4.674,0,0,1,1.35,3.629v1.026h-2.17q-10.17,0-10.18,5.89a4.757,4.757,0,0,0,1.67,3.952,6.232,6.232,0,0,0,3.99,1.33h0Zm0.46-1.672a4.477,4.477,0,0,1-2.83-.893,3.283,3.283,0,0,1-1.16-2.793q0-4.332,8.36-4.332h1.86v1.786a6.6,6.6,0,0,1-.7,2.926,5.916,5.916,0,0,1-2.11,2.375,6.066,6.066,0,0,1-3.42.931h0Zm15.16,1.178h2.24v-9.082a9.273,9.273,0,0,1,.78-3.952,5.892,5.892,0,0,1,2.15-2.546,5.457,5.457,0,0,1,3-.874,4.028,4.028,0,0,1,3.72,1.767,8.1,8.1,0,0,1,1.11,4.389v10.3h2.24V888.252a8.529,8.529,0,0,0-1.62-5.32,5.856,5.856,0,0,0-4.99-2.128,6.814,6.814,0,0,0-3.9,1.2,6.637,6.637,0,0,0-2.53,3.173h-0.07a31.233,31.233,0,0,0-.19-3.838h-2.09q0.15,1.368.15,4.142V899.12Zm37.81,0.494a7.036,7.036,0,0,0,3.93-1.178,6.439,6.439,0,0,0,2.57-3.154c0.15,1.976.26,3.268,0.34,3.876l2.2-.038a18.753,18.753,0,0,1-.24-2.052c-0.07-.836-0.1-1.532-0.1-2.09V881.336h-2.2v8.854a9.862,9.862,0,0,1-.78,4.085,5.992,5.992,0,0,1-2.13,2.622,5.333,5.333,0,0,1-3.02.893,4.031,4.031,0,0,1-3.74-1.767,8.355,8.355,0,0,1-1.09-4.427v-10.26h-2.24v10.83a8.7,8.7,0,0,0,1.58,5.32,5.716,5.716,0,0,0,4.92,2.128h0Zm15.85,8.626h2.24V895.32h0.11a7.285,7.285,0,0,0,2.95,3.154,8.235,8.235,0,0,0,4.23,1.14,8.814,8.814,0,0,0,4.66-1.235,8.427,8.427,0,0,0,3.15-3.382,10.794,10.794,0,0,0,0-9.576,8.44,8.44,0,0,0-3.15-3.382,8.814,8.814,0,0,0-4.66-1.235,8.132,8.132,0,0,0-4.25,1.159,7.661,7.661,0,0,0-2.97,3.249h-0.11q0-1.747-.15-3.876h-2.17q0.12,1.635.12,3.268V908.24Zm9.23-10.488a6.643,6.643,0,0,1-3.63-1.026,7.193,7.193,0,0,1-2.53-2.736,7.959,7.959,0,0,1-.91-3.762,8.073,8.073,0,0,1,.91-3.781,7.161,7.161,0,0,1,2.53-2.755,7.005,7.005,0,0,1,7.3,0,6.844,6.844,0,0,1,2.43,2.755,8.834,8.834,0,0,1,0,7.562,6.562,6.562,0,0,1-6.1,3.743h0Zm22.46,10.716q4.86,0,7.16-2.622a10.24,10.24,0,0,0,2.3-6.992v-13.6c0-1.368.04-2.672,0.11-3.914h-2.09c-0.12,1.444-.19,2.749-0.19,3.914h-0.07a7.789,7.789,0,0,0-3.02-3.287,8.2,8.2,0,0,0-4.24-1.159,8.738,8.738,0,0,0-4.64,1.254,8.617,8.617,0,0,0-3.17,3.4,10.037,10.037,0,0,0-1.12,4.731,9.89,9.89,0,0,0,1.12,4.731,8.385,8.385,0,0,0,3.16,3.325,8.852,8.852,0,0,0,4.65,1.216,8.287,8.287,0,0,0,4.26-1.159,7.42,7.42,0,0,0,2.96-3.173h0.08v3.762a8.327,8.327,0,0,1-1.77,5.624q-1.77,2.052-5.61,2.052a11.775,11.775,0,0,1-3.83-.646,15.069,15.069,0,0,1-3.46-1.672l-0.42,2.052a13.972,13.972,0,0,0,3.59,1.577,15.179,15.179,0,0,0,4.24.589h0Zm0.26-10.83a6.644,6.644,0,0,1-3.68-1.026,6.8,6.8,0,0,1-2.45-2.717,8.094,8.094,0,0,1-.86-3.7,8.3,8.3,0,0,1,.86-3.762,6.771,6.771,0,0,1,2.45-2.736,7.079,7.079,0,0,1,7.31-.019,7.024,7.024,0,0,1,2.53,2.736,8.192,8.192,0,0,1,0,7.5,7.048,7.048,0,0,1-2.53,2.717,6.682,6.682,0,0,1-3.63,1.007h0Zm16.27,1.482h2.24v-8.854a9.9,9.9,0,0,1,1.35-5.3,4.133,4.133,0,0,1,3.67-2.185,4.994,4.994,0,0,1,1.59.266l0.46-1.938a5.99,5.99,0,0,0-1.9-.3,4.847,4.847,0,0,0-3.06,1.159,6.656,6.656,0,0,0-2.15,3.211h-0.07a34.669,34.669,0,0,0-.19-3.838h-2.13a34.358,34.358,0,0,1,.19,4.332V899.12Zm16.8,0.494a8.183,8.183,0,0,0,4-1.007,5.81,5.81,0,0,0,2.65-2.945h0.11c0,0.532.02,1.14,0.08,1.824a14.329,14.329,0,0,0,.19,1.634h2.05a18.666,18.666,0,0,1-.31-3.876v-7.676a6.7,6.7,0,0,0-1.8-5.092,7.042,7.042,0,0,0-5.04-1.71,11.275,11.275,0,0,0-3.61.589,9.144,9.144,0,0,0-3,1.653l0.65,1.748a9.668,9.668,0,0,1,2.64-1.558,7.976,7.976,0,0,1,3.02-.646,5.27,5.27,0,0,1,3.7,1.235,4.674,4.674,0,0,1,1.35,3.629v1.026h-2.16q-10.185,0-10.19,5.89a4.735,4.735,0,0,0,1.68,3.952,6.193,6.193,0,0,0,3.99,1.33h0Zm0.45-1.672a4.5,4.5,0,0,1-2.83-.893,3.31,3.31,0,0,1-1.16-2.793q0-4.332,8.36-4.332h1.86v1.786a6.6,6.6,0,0,1-.7,2.926,5.916,5.916,0,0,1-2.11,2.375,6.066,6.066,0,0,1-3.42.931h0Zm22.65,1.672a8.3,8.3,0,0,0,4.24-1.14,7.989,7.989,0,0,0,3.06-3.23h0.07c0,1.14.06,2.432,0.19,3.876h2.13c-0.13-1.7-.19-3.2-0.19-4.522V869.936l-2.2.456v14.782h-0.08a7.729,7.729,0,0,0-3-3.23,8.174,8.174,0,0,0-4.22-1.14,8.814,8.814,0,0,0-4.66,1.235,8.476,8.476,0,0,0-3.15,3.4,10.227,10.227,0,0,0-1.12,4.788,10.113,10.113,0,0,0,1.12,4.769,8.5,8.5,0,0,0,3.15,3.382,8.814,8.814,0,0,0,4.66,1.235h0Zm0.3-1.862a6.565,6.565,0,0,1-6.13-3.743,8.742,8.742,0,0,1,0-7.562,6.844,6.844,0,0,1,2.43-2.755,7.058,7.058,0,0,1,7.33,0,7.161,7.161,0,0,1,2.53,2.755,7.955,7.955,0,0,1,.91,3.781,7.843,7.843,0,0,1-.91,3.762,7.193,7.193,0,0,1-2.53,2.736,6.6,6.6,0,0,1-3.63,1.026h0Zm23.98,1.9a11.46,11.46,0,0,0,7.11-2.242l-0.38-1.9a10.275,10.275,0,0,1-2.89,1.653,9.98,9.98,0,0,1-3.65.665,6.9,6.9,0,0,1-3.67-.988,7.068,7.068,0,0,1-2.52-2.641,7.69,7.69,0,0,1-.95-3.667h15.08a7.372,7.372,0,0,0,.04-0.95,9.942,9.942,0,0,0-.99-4.446,7.6,7.6,0,0,0-2.9-3.192,8.783,8.783,0,0,0-12.24,3.344,9.958,9.958,0,0,0-1.16,4.826,10.119,10.119,0,0,0,1.18,4.94,8.574,8.574,0,0,0,3.25,3.382,9.073,9.073,0,0,0,4.69,1.216h0Zm-6.91-10.754a6.989,6.989,0,0,1,.85-2.888,6.826,6.826,0,0,1,2.26-2.489,6.721,6.721,0,0,1,8.06.741,6.6,6.6,0,0,1,1.78,4.636h-12.95Zm28.5,17.366,0.6,1.976a7.2,7.2,0,0,0,4.01-1.159,7.069,7.069,0,0,0,2.42-3.477l8.28-22.268h-2.39l-5.4,15.428-6.16-15.428h-2.47l7.49,17.936L4528.87,903a4.844,4.844,0,0,1-1.84,2.47,6.444,6.444,0,0,1-3.17.8h0Zm27.58-6.612a9.8,9.8,0,0,0,4.87-1.216,8.879,8.879,0,0,0,3.4-3.382,10.27,10.27,0,0,0,0-9.747,8.789,8.789,0,0,0-3.4-3.344,9.922,9.922,0,0,0-4.87-1.2,9.752,9.752,0,0,0-4.84,1.2,8.738,8.738,0,0,0-3.38,3.344,10.2,10.2,0,0,0,0,9.747,8.828,8.828,0,0,0,3.38,3.382,9.628,9.628,0,0,0,4.84,1.216h0Zm0-1.9a7.124,7.124,0,0,1-3.82-1.026,6.767,6.767,0,0,1-2.52-2.755,8.6,8.6,0,0,1,0-7.581,6.675,6.675,0,0,1,2.52-2.717,7.749,7.749,0,0,1,7.64,0,6.886,6.886,0,0,1,2.55,2.717,8.147,8.147,0,0,1,.89,3.8,8.29,8.29,0,0,1-.87,3.781,6.861,6.861,0,0,1-2.53,2.755,7.167,7.167,0,0,1-3.86,1.026h0Zm21.4,1.862a7.036,7.036,0,0,0,3.93-1.178,6.494,6.494,0,0,0,2.57-3.154c0.15,1.976.26,3.268,0.34,3.876l2.2-.038c-0.1-.532-0.18-1.216-0.25-2.052s-0.09-1.532-.09-2.09V881.336h-2.2v8.854a9.862,9.862,0,0,1-.78,4.085,5.992,5.992,0,0,1-2.13,2.622,5.357,5.357,0,0,1-3.02.893,4.048,4.048,0,0,1-3.75-1.767,8.355,8.355,0,0,1-1.08-4.427v-10.26h-2.24v10.83a8.634,8.634,0,0,0,1.58,5.32,5.716,5.716,0,0,0,4.92,2.128h0Zm15.92-.494H4591v-8.854a9.9,9.9,0,0,1,1.35-5.3,4.133,4.133,0,0,1,3.67-2.185,4.994,4.994,0,0,1,1.59.266l0.46-1.938a5.99,5.99,0,0,0-1.9-.3,4.888,4.888,0,0,0-3.06,1.159,6.656,6.656,0,0,0-2.15,3.211h-0.07a34.669,34.669,0,0,0-.19-3.838h-2.13a34.358,34.358,0,0,1,.19,4.332V899.12Zm-291.04,45h2.24v-8.854a10.394,10.394,0,0,1,.74-4.085,5.934,5.934,0,0,1,2.01-2.622,4.839,4.839,0,0,1,2.83-.893,3.911,3.911,0,0,1,3.35,1.539,7.274,7.274,0,0,1,1.14,4.389V944.12h2.24v-9.2a8.324,8.324,0,0,1,1.56-5.244,4.9,4.9,0,0,1,4.06-2.014,3.872,3.872,0,0,1,3.6,1.8,8.644,8.644,0,0,1,1.08,4.5V944.12h2.2V933.442a9.19,9.19,0,0,0-1.54-5.472,5.563,5.563,0,0,0-4.88-2.166,6.618,6.618,0,0,0-3.93,1.2,7.148,7.148,0,0,0-2.53,3.363,6.931,6.931,0,0,0-2.13-3.363,5.57,5.57,0,0,0-3.68-1.2,6.345,6.345,0,0,0-3.73,1.178,6.74,6.74,0,0,0-2.43,3.192h-0.08a31.233,31.233,0,0,0-.19-3.838h-2.09a38.759,38.759,0,0,1,.16,4.142V944.12Zm41.95,0.532a9.73,9.73,0,0,0,4.86-1.216,8.745,8.745,0,0,0,3.4-3.382,10.2,10.2,0,0,0,0-9.747,8.656,8.656,0,0,0-3.4-3.344,10.444,10.444,0,0,0-9.71,0,8.738,8.738,0,0,0-3.38,3.344,10.27,10.27,0,0,0,0,9.747,8.828,8.828,0,0,0,3.38,3.382,9.665,9.665,0,0,0,4.85,1.216h0Zm0-1.9a7.075,7.075,0,0,1-3.82-1.026,6.861,6.861,0,0,1-2.53-2.755,8.692,8.692,0,0,1,0-7.581,6.767,6.767,0,0,1,2.53-2.717,7.749,7.749,0,0,1,7.64,0,6.792,6.792,0,0,1,2.54,2.717,8.033,8.033,0,0,1,.9,3.8,8.171,8.171,0,0,1-.88,3.781,6.767,6.767,0,0,1-2.52,2.755,7.191,7.191,0,0,1-3.86,1.026h0Zm24.7,1.862a8.747,8.747,0,0,0,4.62-1.235,8.5,8.5,0,0,0,3.15-3.382,10.794,10.794,0,0,0,0-9.576,8.485,8.485,0,0,0-3.14-3.382,8.658,8.658,0,0,0-4.63-1.235,8.174,8.174,0,0,0-4.22,1.14,7.729,7.729,0,0,0-3,3.23h-0.08v-15.2l-2.24.418v24.32c0,1.6-.06,3.066-0.19,4.408h2.05q0.2-1.71.27-3.876h0.11a7.061,7.061,0,0,0,2.97,3.211,8.511,8.511,0,0,0,4.33,1.159h0Zm-0.34-1.862a6.533,6.533,0,0,1-3.59-1.026,7.193,7.193,0,0,1-2.53-2.736,7.843,7.843,0,0,1-.91-3.762,7.955,7.955,0,0,1,.91-3.781,7.161,7.161,0,0,1,2.53-2.755,6.533,6.533,0,0,1,3.59-1.026,6.709,6.709,0,0,1,3.72,1.026,6.818,6.818,0,0,1,2.45,2.755,8.416,8.416,0,0,1,.86,3.781,8.3,8.3,0,0,1-.86,3.762,6.844,6.844,0,0,1-2.45,2.736,6.709,6.709,0,0,1-3.72,1.026h0Zm15.99-21.926a1.542,1.542,0,0,0,1.13-.475,1.6,1.6,0,0,0,.47-1.159,1.535,1.535,0,0,0-.47-1.14,1.576,1.576,0,0,0-1.13-.456,1.54,1.54,0,0,0-1.12.475,1.556,1.556,0,0,0-.47,1.121,1.6,1.6,0,0,0,.47,1.159,1.536,1.536,0,0,0,1.12.475h0Zm-1.1,23.294h2.24V926.336h-2.24V944.12Zm12.16,0.418,1.03-1.862a2.9,2.9,0,0,1-1.31-1.083,3.971,3.971,0,0,1-.36-1.919v-24.51l-2.25.418v24.586a4.669,4.669,0,0,0,.8,2.831,4.319,4.319,0,0,0,2.09,1.539h0Zm14.18,0.114a11.411,11.411,0,0,0,7.1-2.242l-0.38-1.9a10.136,10.136,0,0,1-2.89,1.653,9.927,9.927,0,0,1-3.64.665,6.9,6.9,0,0,1-3.67-.988,7.017,7.017,0,0,1-2.53-2.641,7.805,7.805,0,0,1-.95-3.667h15.09c0.02-.2.04-0.519,0.04-0.95a9.942,9.942,0,0,0-.99-4.446,7.624,7.624,0,0,0-2.91-3.192,8.776,8.776,0,0,0-12.23,3.344,9.847,9.847,0,0,0-1.16,4.826,10.226,10.226,0,0,0,1.17,4.94,8.643,8.643,0,0,0,3.25,3.382,9.109,9.109,0,0,0,4.7,1.216h0Zm-6.92-10.754a7.011,7.011,0,0,1,.86-2.888,6.739,6.739,0,0,1,2.26-2.489,6.706,6.706,0,0,1,8.05.741,6.609,6.609,0,0,1,1.79,4.636h-12.96Zm30.21,19.342h2.24V940.32h0.12a7.321,7.321,0,0,0,2.94,3.154,8.3,8.3,0,0,0,4.24,1.14,8.754,8.754,0,0,0,4.65-1.235A8.451,8.451,0,0,0,4445.9,940a10.794,10.794,0,0,0,0-9.576,8.464,8.464,0,0,0-3.16-3.382,8.754,8.754,0,0,0-4.65-1.235,8.142,8.142,0,0,0-4.26,1.159,7.577,7.577,0,0,0-2.96,3.249h-0.12q0-1.747-.15-3.876h-2.16c0.07,1.09.11,2.179,0.11,3.268V953.24Zm9.23-10.488a6.585,6.585,0,0,1-3.62-1.026,7.193,7.193,0,0,1-2.53-2.736,7.843,7.843,0,0,1-.91-3.762,7.955,7.955,0,0,1,.91-3.781,7.161,7.161,0,0,1,2.53-2.755,6.987,6.987,0,0,1,7.29,0,6.844,6.844,0,0,1,2.43,2.755,8.742,8.742,0,0,1,0,7.562,6.562,6.562,0,0,1-6.1,3.743h0Zm14.9,1.368h2.24v-8.664a10.314,10.314,0,0,1,.78-4.218,6.113,6.113,0,0,1,2.13-2.66,5.2,5.2,0,0,1,2.98-.912,4.065,4.065,0,0,1,3.76,1.767,8.1,8.1,0,0,1,1.11,4.389v10.3h2.2V933.252a8.739,8.739,0,0,0-1.56-5.339,5.729,5.729,0,0,0-4.94-2.109,6.945,6.945,0,0,0-3.89,1.159A6.193,6.193,0,0,0,4455,930.1h-0.08V915.126l-2.24.342V944.12Zm30.13,0.532a9.8,9.8,0,0,0,4.87-1.216,8.811,8.811,0,0,0,3.4-3.382,10.27,10.27,0,0,0,0-9.747,8.722,8.722,0,0,0-3.4-3.344,9.922,9.922,0,0,0-4.87-1.2,9.779,9.779,0,0,0-4.84,1.2,8.738,8.738,0,0,0-3.38,3.344,10.2,10.2,0,0,0,0,9.747,8.828,8.828,0,0,0,3.38,3.382,9.654,9.654,0,0,0,4.84,1.216h0Zm0-1.9a7.065,7.065,0,0,1-3.81-1.026,6.723,6.723,0,0,1-2.53-2.755,8.6,8.6,0,0,1,0-7.581,6.633,6.633,0,0,1,2.53-2.717,7.73,7.73,0,0,1,7.63,0,6.817,6.817,0,0,1,2.55,2.717,8.147,8.147,0,0,1,.89,3.8,8.29,8.29,0,0,1-.87,3.781,6.791,6.791,0,0,1-2.53,2.755,7.167,7.167,0,0,1-3.86,1.026h0Zm15.2,1.368h2.25v-9.082a9.273,9.273,0,0,1,.78-3.952,5.807,5.807,0,0,1,2.14-2.546,5.482,5.482,0,0,1,3-.874,4.056,4.056,0,0,1,3.73,1.767,8.189,8.189,0,0,1,1.1,4.389v10.3h2.24V933.252a8.587,8.587,0,0,0-1.61-5.32,5.876,5.876,0,0,0-5-2.128,6.76,6.76,0,0,0-3.89,1.2,6.637,6.637,0,0,0-2.53,3.173h-0.08a31.233,31.233,0,0,0-.19-3.838h-2.09q0.15,1.368.15,4.142V944.12Zm29.8,0.532a11.411,11.411,0,0,0,7.1-2.242l-0.38-1.9a10.136,10.136,0,0,1-2.89,1.653,9.927,9.927,0,0,1-3.64.665,6.9,6.9,0,0,1-3.67-.988,7.017,7.017,0,0,1-2.53-2.641,7.805,7.805,0,0,1-.95-3.667h15.09c0.02-.2.04-0.519,0.04-0.95a9.942,9.942,0,0,0-.99-4.446,7.624,7.624,0,0,0-2.91-3.192,8.776,8.776,0,0,0-12.23,3.344,9.847,9.847,0,0,0-1.16,4.826,10.226,10.226,0,0,0,1.17,4.94,8.643,8.643,0,0,0,3.25,3.382,9.109,9.109,0,0,0,4.7,1.216h0Zm-6.92-10.754a7.011,7.011,0,0,1,.86-2.888,6.739,6.739,0,0,1,2.26-2.489,6.706,6.706,0,0,1,8.05.741,6.609,6.609,0,0,1,1.79,4.636h-12.96Zm35.19,10.716a7.4,7.4,0,0,0,2.94-.589,5.225,5.225,0,0,0,2.25-1.767,4.653,4.653,0,0,0,.85-2.812,3.994,3.994,0,0,0-1.33-3.154,11.874,11.874,0,0,0-4.14-2.09,13.715,13.715,0,0,1-3.52-1.577,2.421,2.421,0,0,1-1-2.071,2.535,2.535,0,0,1,1.1-2.242,4.767,4.767,0,0,1,2.77-.76,6.575,6.575,0,0,1,2.53.494,8.128,8.128,0,0,1,2.11,1.254l0.95-1.634a9.8,9.8,0,0,0-2.49-1.33,8.861,8.861,0,0,0-3.17-.57,7.375,7.375,0,0,0-2.83.551,5.2,5.2,0,0,0-2.21,1.672,4.288,4.288,0,0,0-.85,2.679,3.854,3.854,0,0,0,1.25,3.1,11.227,11.227,0,0,0,3.8,1.919,14.174,14.174,0,0,1,3.74,1.672,2.545,2.545,0,0,1,1.16,2.166,2.9,2.9,0,0,1-1.18,2.451,4.5,4.5,0,0,1-2.81.893,8.707,8.707,0,0,1-5.93-2.166l-0.38,1.938a8.4,8.4,0,0,0,2.76,1.425,11.683,11.683,0,0,0,3.63.551h0Zm9.73,6.65,0.6,1.976a7.2,7.2,0,0,0,4.01-1.159,7.069,7.069,0,0,0,2.42-3.477l8.28-22.268h-2.39l-5.4,15.428-6.16-15.428h-2.47l7.49,17.936L4570.82,948a4.844,4.844,0,0,1-1.84,2.47,6.444,6.444,0,0,1-3.17.8h0Zm24.47-6.65a7.4,7.4,0,0,0,2.94-.589,5.225,5.225,0,0,0,2.25-1.767,4.653,4.653,0,0,0,.85-2.812,3.994,3.994,0,0,0-1.33-3.154,11.874,11.874,0,0,0-4.14-2.09,13.715,13.715,0,0,1-3.52-1.577,2.421,2.421,0,0,1-1-2.071,2.535,2.535,0,0,1,1.1-2.242,4.767,4.767,0,0,1,2.77-.76,6.575,6.575,0,0,1,2.53.494,8.128,8.128,0,0,1,2.11,1.254l0.95-1.634a9.8,9.8,0,0,0-2.49-1.33,8.861,8.861,0,0,0-3.17-.57,7.375,7.375,0,0,0-2.83.551,5.2,5.2,0,0,0-2.21,1.672,4.288,4.288,0,0,0-.85,2.679,3.854,3.854,0,0,0,1.25,3.1,11.227,11.227,0,0,0,3.8,1.919,14.174,14.174,0,0,1,3.74,1.672,2.545,2.545,0,0,1,1.16,2.166,2.9,2.9,0,0,1-1.18,2.451,4.5,4.5,0,0,1-2.81.893,8.707,8.707,0,0,1-5.93-2.166l-0.38,1.938a8.4,8.4,0,0,0,2.76,1.425,11.683,11.683,0,0,0,3.63.551h0Zm15.88-.114a7.747,7.747,0,0,0,2.02-.266,8.562,8.562,0,0,0,1.78-.684l-0.3-1.672a6.55,6.55,0,0,1-2.85.8,2.431,2.431,0,0,1-1.88-.76,3.435,3.435,0,0,1-.71-2.394V928.084h4.6l0.46-1.748h-5.06v-5.13l-2.24.874v4.256h-2.85l-0.45,1.748h3.34v11.742a4.9,4.9,0,0,0,1.12,3.458,3.919,3.919,0,0,0,3.02,1.216h0Zm15.54,0.152a11.44,11.44,0,0,0,7.11-2.242l-0.38-1.9a10.136,10.136,0,0,1-2.89,1.653,9.942,9.942,0,0,1-3.65.665,6.861,6.861,0,0,1-3.66-.988,7.017,7.017,0,0,1-2.53-2.641,7.805,7.805,0,0,1-.95-3.667h15.09q0.03-.3.03-0.95a9.937,9.937,0,0,0-.98-4.446,7.624,7.624,0,0,0-2.91-3.192,8.8,8.8,0,0,0-12.24,3.344,9.958,9.958,0,0,0-1.16,4.826,10.231,10.231,0,0,0,1.18,4.94,8.643,8.643,0,0,0,3.25,3.382,9.1,9.1,0,0,0,4.69,1.216h0Zm-6.91-10.754a6.989,6.989,0,0,1,.85-2.888,6.915,6.915,0,0,1,2.26-2.489,6.721,6.721,0,0,1,8.06.741,6.609,6.609,0,0,1,1.79,4.636h-12.96Zm20.78,10.222h2.25v-8.854a10.217,10.217,0,0,1,.74-4.085,5.934,5.934,0,0,1,2.01-2.622,4.817,4.817,0,0,1,2.83-.893,3.911,3.911,0,0,1,3.35,1.539,7.274,7.274,0,0,1,1.14,4.389V944.12h2.24v-9.2a8.324,8.324,0,0,1,1.56-5.244,4.9,4.9,0,0,1,4.06-2.014,3.856,3.856,0,0,1,3.59,1.8,8.549,8.549,0,0,1,1.09,4.5V944.12h2.2V933.442a9.19,9.19,0,0,0-1.54-5.472,5.563,5.563,0,0,0-4.88-2.166,6.6,6.6,0,0,0-3.93,1.2,7.148,7.148,0,0,0-2.53,3.363,7,7,0,0,0-2.13-3.363,5.579,5.579,0,0,0-3.69-1.2,6.337,6.337,0,0,0-3.72,1.178,6.74,6.74,0,0,0-2.43,3.192h-0.08a31.233,31.233,0,0,0-.19-3.838h-2.09q0.15,1.407.15,4.142V944.12Zm35.23,0.266a1.637,1.637,0,0,0,1.2-.513,1.687,1.687,0,0,0,.51-1.235,1.628,1.628,0,0,0-.51-1.216,1.67,1.67,0,0,0-1.2-.494,1.578,1.578,0,0,0-1.18.513,1.665,1.665,0,0,0-.49,1.2,1.759,1.759,0,0,0,.47,1.254,1.606,1.606,0,0,0,1.2.494h0Z" transform="translate(-4236 -626)"/>
  </g>
</svg>
