<svg xmlns="http://www.w3.org/2000/svg" width="300" height="250" viewBox="0 0 600 500">
  <defs>
    <style>
      .cls-1 {
        fill: #00a0b7;
      }

      .cls-1, .cls-2, .cls-3 {
        fill-rule: evenodd;
      }

      .cls-2 {
        fill: #414042;
      }

      .cls-3 {
        fill: #da291c;
      }
    </style>
  </defs>
  <g id="HG_F6">
    <path id="Hunt_Groups_minimizes_client_hold_time_so_callers_can_reach_s" data-name="Hunt Groups minimizes  client hold time so callers  can reach s" class="cls-1" d="M3676.08,805.725h3.88V793.413h14.82v12.312h3.83v-26.9h-3.83v11.286h-14.82V778.821h-3.88v26.9Zm35.04,0.494a7.03,7.03,0,0,0,3.74-1.064,6.163,6.163,0,0,0,2.49-2.812,24.537,24.537,0,0,0,.3,3.42l3.57-.038a29.688,29.688,0,0,1-.26-3.876V787.523h-3.69v9.348a7.075,7.075,0,0,1-1.4,4.579,4.46,4.46,0,0,1-3.61,1.729,3.383,3.383,0,0,1-3.16-1.52,7.419,7.419,0,0,1-.91-3.876v-10.26h-3.72v11.134a8.753,8.753,0,0,0,1.61,5.4,5.883,5.883,0,0,0,5.04,2.166h0Zm15.8-.494h3.73v-9.538a6.842,6.842,0,0,1,1.38-4.465,4.448,4.448,0,0,1,3.59-1.691,3.422,3.422,0,0,1,3.16,1.539,7.255,7.255,0,0,1,.95,3.857v10.3h3.68V794.553a8.7,8.7,0,0,0-1.63-5.4,5.915,5.915,0,0,0-5.05-2.166,6.822,6.822,0,0,0-3.75,1.083,6.093,6.093,0,0,0-2.41,2.831h-0.08c0-.735-0.06-1.862-0.19-3.382h-3.57a36.962,36.962,0,0,1,.19,3.914v14.288Zm27.48,0.418a9.977,9.977,0,0,0,4.37-.988l-0.46-2.66a6.061,6.061,0,0,1-2.7.722q-2.43,0-2.43-3v-9.88h4.48l0.57-2.812h-5.05v-5.054l-3.65.95v4.1h-2.66l-0.57,2.812h3.27v10.374a5.9,5.9,0,0,0,1.24,4.009,4.488,4.488,0,0,0,3.59,1.425h0Zm30.02,0.3a22.736,22.736,0,0,0,5.51-.646,18.666,18.666,0,0,0,4.56-1.748v-13h-9.01l-0.57,3.154h6v7.524a14.139,14.139,0,0,1-6.27,1.33,10.865,10.865,0,0,1-5.66-1.425,9.582,9.582,0,0,1-3.67-3.895,11.954,11.954,0,0,1-1.27-5.51,11.423,11.423,0,0,1,1.31-5.453,9.96,9.96,0,0,1,3.67-3.876,10.156,10.156,0,0,1,5.36-1.425,13.354,13.354,0,0,1,4.48.779,15.174,15.174,0,0,1,3.84,1.957l1.41-3.23a16.517,16.517,0,0,0-4.45-2.071,18.056,18.056,0,0,0-5.4-.817,15.025,15.025,0,0,0-7.33,1.786,12.927,12.927,0,0,0-5.11,5,15.574,15.574,0,0,0,0,14.687,13.14,13.14,0,0,0,5.13,5.054,15.127,15.127,0,0,0,7.47,1.824h0Zm15.92-.722h3.68v-9.158a8.077,8.077,0,0,1,1.22-4.446,3.84,3.84,0,0,1,3.42-1.9,4.663,4.663,0,0,1,1.6.266l0.57-3.23a6.413,6.413,0,0,0-1.98-.266,4.569,4.569,0,0,0-2.87,1.064,6.189,6.189,0,0,0-1.99,2.926h-0.08a21.854,21.854,0,0,0-.23-3.458h-3.53a40.753,40.753,0,0,1,.19,4.484v13.718Zm21.28,0.532a10.318,10.318,0,0,0,5.01-1.216,8.97,8.97,0,0,0,3.54-3.42,9.817,9.817,0,0,0,1.29-5.054,9.717,9.717,0,0,0-1.29-5.035,8.87,8.87,0,0,0-3.54-3.382,11.1,11.1,0,0,0-10.03,0,8.875,8.875,0,0,0-3.53,3.4,9.742,9.742,0,0,0-1.29,5.016,9.845,9.845,0,0,0,1.29,5.035,8.97,8.97,0,0,0,3.53,3.439,10.385,10.385,0,0,0,5.02,1.216h0Zm0-3.116a6.049,6.049,0,0,1-3.31-.893,5.877,5.877,0,0,1-2.15-2.394,7.376,7.376,0,0,1-.74-3.287,7.255,7.255,0,0,1,.74-3.268,5.91,5.91,0,0,1,2.15-2.375,6.16,6.16,0,0,1,8.78,2.375,7.014,7.014,0,0,1,.76,3.268,7.129,7.129,0,0,1-.76,3.287,5.911,5.911,0,0,1-5.47,3.287h0Zm20.94,3.078a7,7,0,0,0,3.74-1.064,6.163,6.163,0,0,0,2.49-2.812,24.537,24.537,0,0,0,.3,3.42l3.57-.038a29.688,29.688,0,0,1-.26-3.876V787.523h-3.69v9.348a7.075,7.075,0,0,1-1.4,4.579,4.46,4.46,0,0,1-3.61,1.729,3.383,3.383,0,0,1-3.16-1.52,7.419,7.419,0,0,1-.91-3.876v-10.26h-3.72v11.134a8.753,8.753,0,0,0,1.61,5.4,5.883,5.883,0,0,0,5.04,2.166h0Zm15.77,8.626h3.68V802.533h0.12a6.615,6.615,0,0,0,2.75,2.717,8.1,8.1,0,0,0,3.9.969,8.473,8.473,0,0,0,7.82-4.788,10.658,10.658,0,0,0,1.11-4.864,10.544,10.544,0,0,0-1.11-4.845,8.52,8.52,0,0,0-3.13-3.458,8.662,8.662,0,0,0-4.69-1.273,7.931,7.931,0,0,0-3.98,1.026,7.2,7.2,0,0,0-2.79,2.812h-0.11c0-.659-0.03-1.5-0.08-2.508l-0.04-.8h-3.57q0.12,1.747.12,3.458v23.864Zm9.69-11.7a5.777,5.777,0,0,1-3.16-.893,6.219,6.219,0,0,1-2.2-2.394,7,7,0,0,1,0-6.5,6.366,6.366,0,0,1,2.2-2.413,5.686,5.686,0,0,1,3.16-.912,5.8,5.8,0,0,1,3.23.893,5.9,5.9,0,0,1,2.1,2.394,7.169,7.169,0,0,1,.75,3.249,7.25,7.25,0,0,1-.75,3.287,5.9,5.9,0,0,1-2.1,2.394,5.8,5.8,0,0,1-3.23.893h0Zm19.76,3.116a9.013,9.013,0,0,0,3.3-.608,5.735,5.735,0,0,0,2.53-1.881,5.064,5.064,0,0,0,.97-3.135,4.2,4.2,0,0,0-1.47-3.4,11.8,11.8,0,0,0-4.23-2.071,12.987,12.987,0,0,1-3.21-1.273,1.936,1.936,0,0,1-.9-1.729,2.074,2.074,0,0,1,.95-1.843,4.21,4.21,0,0,1,2.36-.627,6.334,6.334,0,0,1,2.39.494,9.385,9.385,0,0,1,2.17,1.216l1.41-2.508a9.389,9.389,0,0,0-2.68-1.368,10.778,10.778,0,0,0-3.52-.57,8.428,8.428,0,0,0-3.1.589,5.778,5.778,0,0,0-2.47,1.824,4.714,4.714,0,0,0-.96,2.983,4.118,4.118,0,0,0,1.36,3.325,10.523,10.523,0,0,0,3.88,1.881,13.851,13.851,0,0,1,3.46,1.406,2.1,2.1,0,0,1,1.02,1.824A2.263,2.263,0,0,1,3890,802.8a4.594,4.594,0,0,1-2.57.684,9.556,9.556,0,0,1-5.92-2.09l-0.54,2.964a9.9,9.9,0,0,0,2.95,1.349,13.4,13.4,0,0,0,3.86.551h0Z" transform="translate(-3573 -625)"/>
    <path id="Hunt_Groups_minimizes_client_hold_time_so_callers_can_reach_s-2" data-name="Hunt Groups minimizes  client hold time so callers  can reach s" class="cls-2" d="M3908.52,805.725h2.24v-8.854a10.209,10.209,0,0,1,.75-4.085,5.922,5.922,0,0,1,2.01-2.622,4.817,4.817,0,0,1,2.83-.893,3.892,3.892,0,0,1,3.34,1.539,7.274,7.274,0,0,1,1.14,4.389v10.526h2.25v-9.2a8.382,8.382,0,0,1,1.55-5.244,4.913,4.913,0,0,1,4.07-2.014,3.856,3.856,0,0,1,3.59,1.805,8.639,8.639,0,0,1,1.08,4.5v10.146h2.21V795.047a9.19,9.19,0,0,0-1.54-5.472,5.574,5.574,0,0,0-4.88-2.166,6.649,6.649,0,0,0-3.94,1.2,7.13,7.13,0,0,0-2.52,3.363,7,7,0,0,0-2.13-3.363,5.579,5.579,0,0,0-3.69-1.2,6.293,6.293,0,0,0-3.72,1.178,6.608,6.608,0,0,0-2.43,3.192h-0.08a31.222,31.222,0,0,0-.19-3.838h-2.09q0.15,1.406.15,4.142v13.642Zm34.62-23.294a1.536,1.536,0,0,0,1.12-.475,1.569,1.569,0,0,0,.48-1.159,1.507,1.507,0,0,0-.48-1.14,1.569,1.569,0,0,0-1.12-.456,1.631,1.631,0,0,0-1.6,1.6,1.569,1.569,0,0,0,.48,1.159,1.536,1.536,0,0,0,1.12.475h0Zm-1.1,23.294h2.24V787.941h-2.24v17.784Zm8.93,0h2.24v-9.082a9.273,9.273,0,0,1,.78-3.952,5.82,5.82,0,0,1,2.15-2.546,5.449,5.449,0,0,1,3-.874,4.028,4.028,0,0,1,3.72,1.767,8.1,8.1,0,0,1,1.1,4.389v10.3h2.25V794.857a8.529,8.529,0,0,0-1.62-5.32,5.873,5.873,0,0,0-5-2.128,6.805,6.805,0,0,0-3.89,1.2,6.637,6.637,0,0,0-2.53,3.173h-0.07a33.351,33.351,0,0,0-.19-3.838h-2.09q0.15,1.368.15,4.142v13.642Zm22.8-23.294a1.536,1.536,0,0,0,1.12-.475,1.56,1.56,0,0,0,.47-1.159,1.5,1.5,0,0,0-.47-1.14,1.569,1.569,0,0,0-1.12-.456,1.631,1.631,0,0,0-1.6,1.6,1.569,1.569,0,0,0,.48,1.159,1.52,1.52,0,0,0,1.12.475h0Zm-1.1,23.294h2.24V787.941h-2.24v17.784Zm8.93,0h2.24v-8.854a10.214,10.214,0,0,1,.74-4.085,5.922,5.922,0,0,1,2.01-2.622,4.817,4.817,0,0,1,2.83-.893,3.911,3.911,0,0,1,3.35,1.539,7.274,7.274,0,0,1,1.14,4.389v10.526h2.24v-9.2a8.324,8.324,0,0,1,1.56-5.244,4.894,4.894,0,0,1,4.06-2.014,3.845,3.845,0,0,1,3.59,1.805,8.544,8.544,0,0,1,1.09,4.5v10.146h2.2V795.047a9.19,9.19,0,0,0-1.54-5.472,5.563,5.563,0,0,0-4.88-2.166,6.6,6.6,0,0,0-3.93,1.2,7.148,7.148,0,0,0-2.53,3.363,7,7,0,0,0-2.13-3.363,5.57,5.57,0,0,0-3.68-1.2,6.345,6.345,0,0,0-3.73,1.178,6.731,6.731,0,0,0-2.43,3.192h-0.08a31.222,31.222,0,0,0-.19-3.838h-2.09c0.1,0.937.16,2.318,0.16,4.142v13.642Zm34.61-23.294a1.52,1.52,0,0,0,1.12-.475,1.569,1.569,0,0,0,.48-1.159,1.507,1.507,0,0,0-.48-1.14,1.553,1.553,0,0,0-1.12-.456,1.536,1.536,0,0,0-1.12.475,1.515,1.515,0,0,0-.47,1.121,1.56,1.56,0,0,0,.47,1.159,1.536,1.536,0,0,0,1.12.475h0Zm-1.1,23.294h2.24V787.941h-2.24v17.784Zm6.92,0h13.9l0.38-1.824h-11.62l10.9-14.212v-1.748h-12.92l-0.45,1.748h10.75l-10.94,14.288v1.748Zm26.48,0.532a11.46,11.46,0,0,0,7.11-2.242l-0.38-1.9a10.275,10.275,0,0,1-2.89,1.653,10,10,0,0,1-3.65.665,6.836,6.836,0,0,1-3.66-.988,7.025,7.025,0,0,1-2.53-2.641,7.69,7.69,0,0,1-.95-3.667h15.08a7.382,7.382,0,0,0,.04-0.95,9.942,9.942,0,0,0-.99-4.446,7.525,7.525,0,0,0-2.9-3.192,8.783,8.783,0,0,0-12.24,3.344,9.955,9.955,0,0,0-1.16,4.826,10.122,10.122,0,0,0,1.18,4.94,8.649,8.649,0,0,0,3.25,3.382,9.083,9.083,0,0,0,4.69,1.216h0ZM4041.6,795.5a6.989,6.989,0,0,1,.85-2.888,6.818,6.818,0,0,1,2.26-2.489,6.721,6.721,0,0,1,8.06.741,6.6,6.6,0,0,1,1.78,4.636H4041.6Zm25.3,10.716a7.506,7.506,0,0,0,2.95-.589,5.271,5.271,0,0,0,2.24-1.767,4.661,4.661,0,0,0,.86-2.812,4.025,4.025,0,0,0-1.33-3.154,11.843,11.843,0,0,0-4.15-2.09,13.61,13.61,0,0,1-3.51-1.577,2.43,2.43,0,0,1-1.01-2.071,2.557,2.557,0,0,1,1.1-2.242,4.793,4.793,0,0,1,2.78-.76,6.525,6.525,0,0,1,2.52.494,7.912,7.912,0,0,1,2.11,1.254l0.95-1.634a9.6,9.6,0,0,0-2.49-1.33,8.822,8.822,0,0,0-3.17-.57,7.412,7.412,0,0,0-2.83.551,5.162,5.162,0,0,0-2.2,1.672,4.291,4.291,0,0,0-.86,2.679,3.86,3.86,0,0,0,1.26,3.1,11.131,11.131,0,0,0,3.8,1.919,14.142,14.142,0,0,1,3.74,1.672,2.567,2.567,0,0,1,1.16,2.166,2.922,2.922,0,0,1-1.18,2.451,4.525,4.525,0,0,1-2.81.893,8.689,8.689,0,0,1-5.93-2.166l-0.38,1.938a8.443,8.443,0,0,0,2.75,1.425,11.683,11.683,0,0,0,3.63.551h0Zm-394.07,47.538a9.69,9.69,0,0,0,3.44-.608,8.414,8.414,0,0,0,2.68-1.558l-0.34-1.862a8.771,8.771,0,0,1-2.53,1.558,8.286,8.286,0,0,1-3.06.532,7.018,7.018,0,0,1-3.76-1.007,6.712,6.712,0,0,1-2.51-2.717,8.175,8.175,0,0,1-.87-3.762,8.293,8.293,0,0,1,.87-3.781,6.77,6.77,0,0,1,6.2-3.781,8.036,8.036,0,0,1,2.79.513,6.333,6.333,0,0,1,2.3,1.425l0.91-1.71a7.319,7.319,0,0,0-2.66-1.539,10.118,10.118,0,0,0-3.38-.589,9.467,9.467,0,0,0-4.79,1.216,8.734,8.734,0,0,0-3.34,3.382,9.668,9.668,0,0,0-1.22,4.864,9.835,9.835,0,0,0,1.2,4.883,8.537,8.537,0,0,0,3.3,3.344,9.513,9.513,0,0,0,4.77,1.2h0Zm13.23-.114,1.02-1.862a2.9,2.9,0,0,1-1.31-1.083,3.973,3.973,0,0,1-.36-1.919v-24.51l-2.24.418v24.586a4.605,4.605,0,0,0,.8,2.831,4.273,4.273,0,0,0,2.09,1.539h0Zm7.18-23.712a1.536,1.536,0,0,0,1.12-.475,1.6,1.6,0,0,0,.47-1.159,1.535,1.535,0,0,0-.47-1.14,1.569,1.569,0,0,0-1.12-.456,1.631,1.631,0,0,0-1.6,1.6,1.569,1.569,0,0,0,.48,1.159,1.52,1.52,0,0,0,1.12.475h0Zm-1.1,23.294h2.24V835.441h-2.24v17.784Zm16.6,0.532a11.46,11.46,0,0,0,7.11-2.242l-0.38-1.9a10.275,10.275,0,0,1-2.89,1.653,10,10,0,0,1-3.65.665,6.9,6.9,0,0,1-3.67-.988,7,7,0,0,1-2.52-2.641,7.69,7.69,0,0,1-.95-3.667h15.08a7.382,7.382,0,0,0,.04-0.95,9.942,9.942,0,0,0-.99-4.446,7.654,7.654,0,0,0-2.9-3.192,8.783,8.783,0,0,0-12.24,3.344,9.955,9.955,0,0,0-1.16,4.826,10.122,10.122,0,0,0,1.18,4.94,8.58,8.58,0,0,0,3.25,3.382,9.083,9.083,0,0,0,4.69,1.216h0ZM3701.82,843a7.166,7.166,0,0,1,.86-2.888,6.818,6.818,0,0,1,2.26-2.489,6.721,6.721,0,0,1,8.06.741,6.6,6.6,0,0,1,1.78,4.636h-12.96Zm20.41,10.222h2.24v-9.082a9.273,9.273,0,0,1,.78-3.952,5.886,5.886,0,0,1,2.15-2.546,5.449,5.449,0,0,1,3-.874,4.028,4.028,0,0,1,3.72,1.767,8.1,8.1,0,0,1,1.11,4.389v10.3h2.24V842.357a8.529,8.529,0,0,0-1.62-5.32,5.853,5.853,0,0,0-4.99-2.128,6.814,6.814,0,0,0-3.9,1.2,6.637,6.637,0,0,0-2.53,3.173h-0.07a33.351,33.351,0,0,0-.19-3.838h-2.09q0.15,1.368.15,4.142v13.642Zm26.11,0.38a7.728,7.728,0,0,0,2.01-.266,8.88,8.88,0,0,0,1.79-.684l-0.31-1.672a6.48,6.48,0,0,1-2.85.8,2.445,2.445,0,0,1-1.88-.76,3.438,3.438,0,0,1-.7-2.394V837.189h4.6l0.45-1.748h-5.05v-5.13l-2.24.874v4.256h-2.85l-0.46,1.748h3.34v11.742a4.952,4.952,0,0,0,1.12,3.458,3.926,3.926,0,0,0,3.03,1.216h0Zm16.56-.38h2.25v-8.664a10.314,10.314,0,0,1,.77-4.218,6.113,6.113,0,0,1,2.13-2.66,5.233,5.233,0,0,1,2.99-.912,4.087,4.087,0,0,1,3.76,1.767,8.189,8.189,0,0,1,1.1,4.389v10.3h2.2V842.357a8.8,8.8,0,0,0-1.55-5.339,5.741,5.741,0,0,0-4.94-2.109,6.969,6.969,0,0,0-3.9,1.159,6.193,6.193,0,0,0-2.49,3.135h-0.07V824.231l-2.25.342v28.652Zm29.76,0.532a9.74,9.74,0,0,0,4.86-1.216,8.818,8.818,0,0,0,3.4-3.382,10.2,10.2,0,0,0,0-9.747,8.722,8.722,0,0,0-3.4-3.344,10.444,10.444,0,0,0-9.71,0,8.738,8.738,0,0,0-3.38,3.344,10.2,10.2,0,0,0,0,9.747,8.835,8.835,0,0,0,3.38,3.382,9.676,9.676,0,0,0,4.85,1.216h0Zm0-1.9a7.075,7.075,0,0,1-3.82-1.026,6.791,6.791,0,0,1-2.53-2.755,8.692,8.692,0,0,1,0-7.581,6.693,6.693,0,0,1,2.53-2.717,7.749,7.749,0,0,1,7.64,0,6.785,6.785,0,0,1,2.54,2.717,8.027,8.027,0,0,1,.89,3.8,8.293,8.293,0,0,1-.87,3.781,6.723,6.723,0,0,1-2.53,2.755,7.132,7.132,0,0,1-3.85,1.026h0Zm17.67,1.786,1.02-1.862a2.9,2.9,0,0,1-1.31-1.083,3.973,3.973,0,0,1-.36-1.919v-24.51l-2.24.418v24.586a4.605,4.605,0,0,0,.8,2.831,4.319,4.319,0,0,0,2.09,1.539h0Zm13.6,0.076a8.3,8.3,0,0,0,4.24-1.14,8,8,0,0,0,3.06-3.23h0.07c0,1.14.07,2.432,0.19,3.876h2.13c-0.13-1.7-.19-3.205-0.19-4.522V824.041l-2.2.456v14.782h-0.08a7.729,7.729,0,0,0-3-3.23,8.174,8.174,0,0,0-4.22-1.14,8.754,8.754,0,0,0-4.65,1.235,8.424,8.424,0,0,0-3.16,3.4,10.227,10.227,0,0,0-1.12,4.788,10.113,10.113,0,0,0,1.12,4.769,8.457,8.457,0,0,0,3.16,3.382,8.754,8.754,0,0,0,4.65,1.235h0Zm0.3-1.862a6.565,6.565,0,0,1-6.13-3.743,8.742,8.742,0,0,1,0-7.562,6.837,6.837,0,0,1,2.43-2.755,7.058,7.058,0,0,1,7.33,0,7.154,7.154,0,0,1,2.53,2.755,7.955,7.955,0,0,1,.91,3.781,7.843,7.843,0,0,1-.91,3.762,7.193,7.193,0,0,1-2.53,2.736,6.6,6.6,0,0,1-3.63,1.026h0Zm29.42,1.748a7.728,7.728,0,0,0,2.01-.266,8.88,8.88,0,0,0,1.79-.684l-0.31-1.672a6.48,6.48,0,0,1-2.85.8,2.445,2.445,0,0,1-1.88-.76,3.438,3.438,0,0,1-.7-2.394V837.189h4.6l0.45-1.748h-5.05v-5.13l-2.24.874v4.256h-2.85l-0.46,1.748h3.34v11.742a4.952,4.952,0,0,0,1.12,3.458,3.926,3.926,0,0,0,3.03,1.216h0Zm8.55-23.674a1.536,1.536,0,0,0,1.12-.475,1.6,1.6,0,0,0,.47-1.159,1.535,1.535,0,0,0-.47-1.14,1.569,1.569,0,0,0-1.12-.456,1.613,1.613,0,0,0-1.6,1.6,1.6,1.6,0,0,0,.47,1.159,1.542,1.542,0,0,0,1.13.475h0Zm-1.11,23.294h2.25V835.441h-2.25v17.784Zm8.93,0h2.24v-8.854a10.209,10.209,0,0,1,.75-4.085,5.922,5.922,0,0,1,2.01-2.622,4.817,4.817,0,0,1,2.83-.893,3.892,3.892,0,0,1,3.34,1.539,7.274,7.274,0,0,1,1.14,4.389v10.526h2.25v-9.2a8.382,8.382,0,0,1,1.55-5.244,4.913,4.913,0,0,1,4.07-2.014,3.856,3.856,0,0,1,3.59,1.805,8.639,8.639,0,0,1,1.08,4.5v10.146h2.21V842.547a9.19,9.19,0,0,0-1.54-5.472,5.574,5.574,0,0,0-4.88-2.166,6.649,6.649,0,0,0-3.94,1.2,7.13,7.13,0,0,0-2.52,3.363,7,7,0,0,0-2.13-3.363,5.579,5.579,0,0,0-3.69-1.2,6.293,6.293,0,0,0-3.72,1.178,6.608,6.608,0,0,0-2.43,3.192h-0.08a31.222,31.222,0,0,0-.19-3.838h-2.09q0.15,1.406.15,4.142v13.642Zm41.23,0.532a11.46,11.46,0,0,0,7.11-2.242l-0.38-1.9a10.275,10.275,0,0,1-2.89,1.653,10,10,0,0,1-3.65.665,6.836,6.836,0,0,1-3.66-.988,7.025,7.025,0,0,1-2.53-2.641,7.69,7.69,0,0,1-.95-3.667h15.08a7.382,7.382,0,0,0,.04-0.95,9.942,9.942,0,0,0-.99-4.446,7.525,7.525,0,0,0-2.9-3.192,8.783,8.783,0,0,0-12.24,3.344,9.955,9.955,0,0,0-1.16,4.826,10.122,10.122,0,0,0,1.18,4.94,8.649,8.649,0,0,0,3.25,3.382,9.083,9.083,0,0,0,4.69,1.216h0ZM3906.34,843a6.989,6.989,0,0,1,.85-2.888,6.818,6.818,0,0,1,2.26-2.489,6.721,6.721,0,0,1,8.06.741,6.6,6.6,0,0,1,1.78,4.636h-12.95Zm34.42,10.716a7.506,7.506,0,0,0,2.95-.589,5.271,5.271,0,0,0,2.24-1.767,4.661,4.661,0,0,0,.86-2.812,4.025,4.025,0,0,0-1.33-3.154,11.843,11.843,0,0,0-4.15-2.09,13.61,13.61,0,0,1-3.51-1.577,2.43,2.43,0,0,1-1.01-2.071,2.557,2.557,0,0,1,1.1-2.242,4.793,4.793,0,0,1,2.78-.76,6.525,6.525,0,0,1,2.52.494,7.912,7.912,0,0,1,2.11,1.254l0.95-1.634a9.6,9.6,0,0,0-2.49-1.33,8.822,8.822,0,0,0-3.17-.57,7.412,7.412,0,0,0-2.83.551,5.162,5.162,0,0,0-2.2,1.672,4.291,4.291,0,0,0-.86,2.679,3.86,3.86,0,0,0,1.26,3.1,11.131,11.131,0,0,0,3.8,1.919,14.142,14.142,0,0,1,3.74,1.672,2.567,2.567,0,0,1,1.16,2.166,2.922,2.922,0,0,1-1.18,2.451,4.525,4.525,0,0,1-2.81.893,8.689,8.689,0,0,1-5.93-2.166l-0.38,1.938a8.443,8.443,0,0,0,2.75,1.425,11.683,11.683,0,0,0,3.63.551h0Zm19.16,0.038a9.767,9.767,0,0,0,4.86-1.216,8.818,8.818,0,0,0,3.4-3.382,10.2,10.2,0,0,0,0-9.747,8.722,8.722,0,0,0-3.4-3.344,10.444,10.444,0,0,0-9.71,0,8.738,8.738,0,0,0-3.38,3.344,10.2,10.2,0,0,0,0,9.747,8.835,8.835,0,0,0,3.38,3.382,9.676,9.676,0,0,0,4.85,1.216h0Zm0-1.9a7.075,7.075,0,0,1-3.82-1.026,6.723,6.723,0,0,1-2.53-2.755,8.692,8.692,0,0,1,0-7.581,6.626,6.626,0,0,1,2.53-2.717,7.73,7.73,0,0,1,7.63,0,6.742,6.742,0,0,1,2.55,2.717,8.027,8.027,0,0,1,.89,3.8,8.293,8.293,0,0,1-.87,3.781,6.791,6.791,0,0,1-2.53,2.755,7.156,7.156,0,0,1-3.85,1.026h0Zm31.76,1.9a9.65,9.65,0,0,0,3.44-.608,8.414,8.414,0,0,0,2.68-1.558l-0.34-1.862a8.771,8.771,0,0,1-2.53,1.558,8.286,8.286,0,0,1-3.06.532,7.018,7.018,0,0,1-3.76-1.007,6.782,6.782,0,0,1-2.51-2.717,8.175,8.175,0,0,1-.87-3.762,8.293,8.293,0,0,1,.87-3.781,6.98,6.98,0,0,1,2.49-2.755,6.769,6.769,0,0,1,3.71-1.026,7.994,7.994,0,0,1,2.79.513,6.333,6.333,0,0,1,2.3,1.425l0.91-1.71a7.235,7.235,0,0,0-2.66-1.539,10.074,10.074,0,0,0-3.38-.589,9.493,9.493,0,0,0-4.79,1.216,8.734,8.734,0,0,0-3.34,3.382,10.419,10.419,0,0,0-.02,9.747,8.6,8.6,0,0,0,3.3,3.344,9.513,9.513,0,0,0,4.77,1.2h0Zm14.67-.038a8.221,8.221,0,0,0,4.01-1.007,5.748,5.748,0,0,0,2.64-2.945h0.12c0,0.532.02,1.14,0.07,1.824s0.12,1.229.19,1.634h2.05a19.514,19.514,0,0,1-.3-3.876v-7.676a6.668,6.668,0,0,0-1.81-5.092,7.017,7.017,0,0,0-5.03-1.71,11.2,11.2,0,0,0-3.61.589,8.945,8.945,0,0,0-3,1.653l0.64,1.748a9.668,9.668,0,0,1,2.64-1.558,8,8,0,0,1,3.03-.646,5.27,5.27,0,0,1,3.7,1.235,4.673,4.673,0,0,1,1.35,3.629v1.026h-2.17q-10.185,0-10.18,5.89a4.758,4.758,0,0,0,1.67,3.952,6.238,6.238,0,0,0,3.99,1.33h0Zm0.46-1.672a4.483,4.483,0,0,1-2.83-.893,3.283,3.283,0,0,1-1.16-2.793q0-4.332,8.36-4.332h1.86v1.786a6.74,6.74,0,0,1-.7,2.926,6,6,0,0,1-2.11,2.375,6.066,6.066,0,0,1-3.42.931h0Zm17.63,1.6,1.02-1.862a2.9,2.9,0,0,1-1.31-1.083,3.973,3.973,0,0,1-.36-1.919v-24.51l-2.24.418v24.586a4.671,4.671,0,0,0,.8,2.831,4.319,4.319,0,0,0,2.09,1.539h0Zm8.97,0,1.02-1.862a2.9,2.9,0,0,1-1.31-1.083,3.973,3.973,0,0,1-.36-1.919v-24.51l-2.24.418v24.586a4.605,4.605,0,0,0,.8,2.831,4.273,4.273,0,0,0,2.09,1.539h0Zm13.79,0.114a11.46,11.46,0,0,0,7.11-2.242l-0.38-1.9a10.275,10.275,0,0,1-2.89,1.653,10,10,0,0,1-3.65.665,6.9,6.9,0,0,1-3.67-.988,7,7,0,0,1-2.52-2.641,7.69,7.69,0,0,1-.95-3.667h15.08a7.382,7.382,0,0,0,.04-0.95,9.942,9.942,0,0,0-.99-4.446,7.612,7.612,0,0,0-2.91-3.192,8.776,8.776,0,0,0-12.23,3.344,9.955,9.955,0,0,0-1.16,4.826,10.122,10.122,0,0,0,1.18,4.94,8.58,8.58,0,0,0,3.25,3.382,9.083,9.083,0,0,0,4.69,1.216h0ZM4040.28,843a7.011,7.011,0,0,1,.86-2.888,6.818,6.818,0,0,1,2.26-2.489,6.721,6.721,0,0,1,8.06.741,6.6,6.6,0,0,1,1.78,4.636h-12.96Zm20.41,10.222h2.24v-8.854a9.9,9.9,0,0,1,1.35-5.3,4.132,4.132,0,0,1,3.67-2.185,4.994,4.994,0,0,1,1.59.266l0.46-1.938a5.962,5.962,0,0,0-1.9-.3,4.882,4.882,0,0,0-3.06,1.159,6.656,6.656,0,0,0-2.15,3.211h-0.07a34.656,34.656,0,0,0-.19-3.838h-2.13a34.358,34.358,0,0,1,.19,4.332v13.452Zm17.52,0.494a7.422,7.422,0,0,0,2.94-.589,5.211,5.211,0,0,0,2.24-1.767,4.661,4.661,0,0,0,.86-2.812,3.993,3.993,0,0,0-1.33-3.154,11.874,11.874,0,0,0-4.14-2.09,13.715,13.715,0,0,1-3.52-1.577,2.421,2.421,0,0,1-1-2.071,2.535,2.535,0,0,1,1.1-2.242,4.76,4.76,0,0,1,2.77-.76,6.575,6.575,0,0,1,2.53.494,8.073,8.073,0,0,1,2.11,1.254l0.95-1.634a9.77,9.77,0,0,0-2.49-1.33,8.861,8.861,0,0,0-3.17-.57,7.462,7.462,0,0,0-2.84.551,5.162,5.162,0,0,0-2.2,1.672,4.284,4.284,0,0,0-.85,2.679,3.854,3.854,0,0,0,1.25,3.1,11.227,11.227,0,0,0,3.8,1.919,14.142,14.142,0,0,1,3.74,1.672,2.567,2.567,0,0,1,1.16,2.166,2.9,2.9,0,0,1-1.18,2.451,4.5,4.5,0,0,1-2.81.893,8.707,8.707,0,0,1-5.93-2.166l-0.38,1.938a8.4,8.4,0,0,0,2.76,1.425,11.683,11.683,0,0,0,3.63.551h0Zm-394.78,47.538a9.69,9.69,0,0,0,3.44-.608,8.414,8.414,0,0,0,2.68-1.558l-0.34-1.862a8.771,8.771,0,0,1-2.53,1.558,8.286,8.286,0,0,1-3.06.532,7.018,7.018,0,0,1-3.76-1.007,6.782,6.782,0,0,1-2.51-2.717,8.175,8.175,0,0,1-.87-3.762,8.293,8.293,0,0,1,.87-3.781,6.907,6.907,0,0,1,2.49-2.755,6.769,6.769,0,0,1,3.71-1.026,8.036,8.036,0,0,1,2.79.513,6.333,6.333,0,0,1,2.3,1.425l0.91-1.71a7.235,7.235,0,0,0-2.66-1.539,10.074,10.074,0,0,0-3.38-.589,9.493,9.493,0,0,0-4.79,1.216,8.734,8.734,0,0,0-3.34,3.382,10.419,10.419,0,0,0-.02,9.747,8.6,8.6,0,0,0,3.3,3.344,9.513,9.513,0,0,0,4.77,1.2h0Zm14.67-.038a8.249,8.249,0,0,0,4.01-1.007,5.748,5.748,0,0,0,2.64-2.945h0.11c0,0.532.03,1.14,0.08,1.824a14.329,14.329,0,0,0,.19,1.634h2.05a19.514,19.514,0,0,1-.3-3.876v-7.676a6.668,6.668,0,0,0-1.81-5.092,7.017,7.017,0,0,0-5.03-1.71,11.2,11.2,0,0,0-3.61.589,8.945,8.945,0,0,0-3,1.653l0.64,1.748a9.668,9.668,0,0,1,2.64-1.558,7.957,7.957,0,0,1,3.02-.646,5.279,5.279,0,0,1,3.71,1.235,4.673,4.673,0,0,1,1.35,3.629v1.026h-2.17q-10.185,0-10.18,5.89a4.758,4.758,0,0,0,1.67,3.952,6.238,6.238,0,0,0,3.99,1.33h0Zm0.46-1.672a4.483,4.483,0,0,1-2.83-.893,3.283,3.283,0,0,1-1.16-2.793q0-4.332,8.36-4.332h1.86v1.786a6.74,6.74,0,0,1-.7,2.926,6,6,0,0,1-2.11,2.375,6.066,6.066,0,0,1-3.42.931h0Zm14.78,1.178h2.24v-9.082a9.273,9.273,0,0,1,.78-3.952,5.82,5.82,0,0,1,2.15-2.546,5.449,5.449,0,0,1,3-.874,4.028,4.028,0,0,1,3.72,1.767,8.1,8.1,0,0,1,1.1,4.389v10.3h2.25V889.857a8.529,8.529,0,0,0-1.62-5.32,5.873,5.873,0,0,0-5-2.128,6.805,6.805,0,0,0-3.89,1.2,6.637,6.637,0,0,0-2.53,3.173h-0.07a33.351,33.351,0,0,0-.19-3.838h-2.09q0.15,1.368.15,4.142v13.642Zm30.85,0h2.25v-8.854a9.984,9.984,0,0,1,1.34-5.3,4.143,4.143,0,0,1,3.67-2.185,5.054,5.054,0,0,1,1.6.266l0.45-1.938a5.918,5.918,0,0,0-1.9-.3,4.882,4.882,0,0,0-3.06,1.159,6.641,6.641,0,0,0-2.14,3.211h-0.08a32.37,32.37,0,0,0-.19-3.838H3744a34.358,34.358,0,0,1,.19,4.332v13.452Zm19.61,0.532a11.46,11.46,0,0,0,7.11-2.242l-0.38-1.9a10.275,10.275,0,0,1-2.89,1.653,10,10,0,0,1-3.65.665,6.9,6.9,0,0,1-3.67-.988,7.075,7.075,0,0,1-2.52-2.641,7.69,7.69,0,0,1-.95-3.667h15.08a7.382,7.382,0,0,0,.04-0.95,9.942,9.942,0,0,0-.99-4.446,7.589,7.589,0,0,0-2.9-3.192,8.783,8.783,0,0,0-12.24,3.344,9.955,9.955,0,0,0-1.16,4.826,10.122,10.122,0,0,0,1.18,4.94,8.58,8.58,0,0,0,3.25,3.382,9.083,9.083,0,0,0,4.69,1.216h0Zm-6.91-10.754a6.989,6.989,0,0,1,.85-2.888,6.818,6.818,0,0,1,2.26-2.489,6.721,6.721,0,0,1,8.06.741,6.6,6.6,0,0,1,1.78,4.636h-12.95Zm24.47,10.716a8.249,8.249,0,0,0,4.01-1.007,5.748,5.748,0,0,0,2.64-2.945h0.11c0,0.532.03,1.14,0.08,1.824a14.329,14.329,0,0,0,.19,1.634h2.05a19.514,19.514,0,0,1-.3-3.876v-7.676a6.706,6.706,0,0,0-1.81-5.092,7.017,7.017,0,0,0-5.03-1.71,11.159,11.159,0,0,0-3.61.589,9.093,9.093,0,0,0-3.01,1.653l0.65,1.748a9.668,9.668,0,0,1,2.64-1.558,7.957,7.957,0,0,1,3.02-.646,5.3,5.3,0,0,1,3.71,1.235,4.673,4.673,0,0,1,1.35,3.629v1.026h-2.17q-10.185,0-10.18,5.89a4.73,4.73,0,0,0,1.67,3.952,6.2,6.2,0,0,0,3.99,1.33h0Zm0.45-1.672a4.523,4.523,0,0,1-2.83-.893,3.31,3.31,0,0,1-1.16-2.793q0-4.332,8.36-4.332h1.87v1.786a6.616,6.616,0,0,1-.71,2.926,5.923,5.923,0,0,1-2.11,2.375,6.02,6.02,0,0,1-3.42.931h0Zm22.61,1.71a9.69,9.69,0,0,0,3.44-.608,8.414,8.414,0,0,0,2.68-1.558l-0.34-1.862a8.771,8.771,0,0,1-2.53,1.558,8.286,8.286,0,0,1-3.06.532,7.018,7.018,0,0,1-3.76-1.007,6.782,6.782,0,0,1-2.51-2.717,8.175,8.175,0,0,1-.87-3.762,8.293,8.293,0,0,1,.87-3.781,6.907,6.907,0,0,1,2.49-2.755,6.769,6.769,0,0,1,3.71-1.026,8.036,8.036,0,0,1,2.79.513,6.333,6.333,0,0,1,2.3,1.425l0.91-1.71a7.235,7.235,0,0,0-2.66-1.539,10.074,10.074,0,0,0-3.38-.589,9.493,9.493,0,0,0-4.79,1.216,8.734,8.734,0,0,0-3.34,3.382,10.419,10.419,0,0,0-.02,9.747,8.6,8.6,0,0,0,3.3,3.344,9.513,9.513,0,0,0,4.77,1.2h0Zm10.34-.532H3817v-8.664a10.308,10.308,0,0,1,.78-4.218,6.113,6.113,0,0,1,2.13-2.66,5.2,5.2,0,0,1,2.98-.912,4.076,4.076,0,0,1,3.76,1.767,8.1,8.1,0,0,1,1.1,4.389v10.3h2.21V889.857a8.739,8.739,0,0,0-1.56-5.339,5.729,5.729,0,0,0-4.94-2.109,6.914,6.914,0,0,0-3.89,1.159,6.193,6.193,0,0,0-2.49,3.135H3817V871.731l-2.24.342v28.652Zm35.76,0.494a7.422,7.422,0,0,0,2.94-.589,5.211,5.211,0,0,0,2.24-1.767,4.661,4.661,0,0,0,.86-2.812,3.993,3.993,0,0,0-1.33-3.154,11.874,11.874,0,0,0-4.14-2.09,13.549,13.549,0,0,1-3.52-1.577,2.43,2.43,0,0,1-1.01-2.071,2.542,2.542,0,0,1,1.11-2.242,4.76,4.76,0,0,1,2.77-.76,6.575,6.575,0,0,1,2.53.494,8.073,8.073,0,0,1,2.11,1.254l0.95-1.634a9.77,9.77,0,0,0-2.49-1.33,8.876,8.876,0,0,0-3.18-.57,7.449,7.449,0,0,0-2.83.551,5.162,5.162,0,0,0-2.2,1.672,4.291,4.291,0,0,0-.86,2.679,3.86,3.86,0,0,0,1.26,3.1,11.131,11.131,0,0,0,3.8,1.919,14.142,14.142,0,0,1,3.74,1.672,2.567,2.567,0,0,1,1.16,2.166,2.9,2.9,0,0,1-1.18,2.451,4.5,4.5,0,0,1-2.81.893,8.707,8.707,0,0,1-5.93-2.166l-0.38,1.938a8.4,8.4,0,0,0,2.76,1.425,11.592,11.592,0,0,0,3.63.551h0Zm19.15,0.038a9.74,9.74,0,0,0,4.86-1.216,8.751,8.751,0,0,0,3.4-3.382,10.2,10.2,0,0,0,0-9.747,8.656,8.656,0,0,0-3.4-3.344,10.444,10.444,0,0,0-9.71,0,8.738,8.738,0,0,0-3.38,3.344,10.27,10.27,0,0,0,0,9.747,8.835,8.835,0,0,0,3.38,3.382,9.676,9.676,0,0,0,4.85,1.216h0Zm0-1.9a7.075,7.075,0,0,1-3.82-1.026,6.791,6.791,0,0,1-2.53-2.755,8.692,8.692,0,0,1,0-7.581,6.693,6.693,0,0,1,2.53-2.717,7.749,7.749,0,0,1,7.64,0,6.785,6.785,0,0,1,2.54,2.717,8.033,8.033,0,0,1,.9,3.8,8.3,8.3,0,0,1-.88,3.781,6.767,6.767,0,0,1-2.52,2.755,7.191,7.191,0,0,1-3.86,1.026h0Zm14.82,1.368h2.24v-8.854a10.39,10.39,0,0,1,.74-4.085,6.011,6.011,0,0,1,2.02-2.622,4.8,4.8,0,0,1,2.83-.893,3.892,3.892,0,0,1,3.34,1.539,7.274,7.274,0,0,1,1.14,4.389v10.526h2.24v-9.2a8.324,8.324,0,0,1,1.56-5.244,4.9,4.9,0,0,1,4.07-2.014,3.856,3.856,0,0,1,3.59,1.805,8.639,8.639,0,0,1,1.08,4.5v10.146h2.2V890.047a9.257,9.257,0,0,0-1.53-5.472,5.593,5.593,0,0,0-4.89-2.166,6.64,6.64,0,0,0-3.93,1.2,7.148,7.148,0,0,0-2.53,3.363,6.86,6.86,0,0,0-2.13-3.363,5.57,5.57,0,0,0-3.68-1.2,6.345,6.345,0,0,0-3.73,1.178,6.731,6.731,0,0,0-2.43,3.192h-0.07a33.351,33.351,0,0,0-.19-3.838h-2.09q0.15,1.406.15,4.142v13.642Zm41.23,0.532a11.411,11.411,0,0,0,7.1-2.242l-0.38-1.9a10.365,10.365,0,0,1-6.53,2.318,6.9,6.9,0,0,1-3.67-.988,7.025,7.025,0,0,1-2.53-2.641,7.925,7.925,0,0,1-.95-3.667h15.09c0.02-.2.04-0.519,0.04-0.95a9.942,9.942,0,0,0-.99-4.446,7.612,7.612,0,0,0-2.91-3.192,8.776,8.776,0,0,0-12.23,3.344,9.844,9.844,0,0,0-1.16,4.826,10.122,10.122,0,0,0,1.18,4.94,8.556,8.556,0,0,0,3.24,3.382,9.145,9.145,0,0,0,4.7,1.216h0ZM3918.8,890.5a7.011,7.011,0,0,1,.86-2.888,6.818,6.818,0,0,1,2.26-2.489,6.706,6.706,0,0,1,8.05.741,6.607,6.607,0,0,1,1.79,4.636H3918.8Zm28.43,10.754a9.767,9.767,0,0,0,4.86-1.216,8.818,8.818,0,0,0,3.4-3.382,10.2,10.2,0,0,0,0-9.747,8.722,8.722,0,0,0-3.4-3.344,10.444,10.444,0,0,0-9.71,0,8.738,8.738,0,0,0-3.38,3.344,10.2,10.2,0,0,0,0,9.747,8.835,8.835,0,0,0,3.38,3.382,9.676,9.676,0,0,0,4.85,1.216h0Zm0-1.9a7.075,7.075,0,0,1-3.82-1.026,6.723,6.723,0,0,1-2.53-2.755,8.692,8.692,0,0,1,0-7.581,6.626,6.626,0,0,1,2.53-2.717,7.73,7.73,0,0,1,7.63,0,6.81,6.81,0,0,1,2.55,2.717,8.027,8.027,0,0,1,.89,3.8,8.293,8.293,0,0,1-.87,3.781,6.791,6.791,0,0,1-2.53,2.755,7.156,7.156,0,0,1-3.85,1.026h0Zm14.81,1.368h2.25v-9.082a9.273,9.273,0,0,1,.78-3.952,5.8,5.8,0,0,1,2.14-2.546,5.473,5.473,0,0,1,3-.874,4.056,4.056,0,0,1,3.73,1.767,8.189,8.189,0,0,1,1.1,4.389v10.3h2.24V889.857a8.587,8.587,0,0,0-1.61-5.32,5.873,5.873,0,0,0-5-2.128,6.76,6.76,0,0,0-3.89,1.2,6.637,6.637,0,0,0-2.53,3.173h-0.08a31.222,31.222,0,0,0-.19-3.838h-2.09q0.15,1.368.15,4.142v13.642Zm29.42,0.532a11.411,11.411,0,0,0,7.1-2.242l-0.38-1.9a10.136,10.136,0,0,1-2.89,1.653,9.948,9.948,0,0,1-3.64.665,6.9,6.9,0,0,1-3.67-.988,7.025,7.025,0,0,1-2.53-2.641,7.805,7.805,0,0,1-.95-3.667h15.09c0.02-.2.04-0.519,0.04-0.95a9.942,9.942,0,0,0-.99-4.446,7.612,7.612,0,0,0-2.91-3.192,8.776,8.776,0,0,0-12.23,3.344,9.844,9.844,0,0,0-1.16,4.826,10.229,10.229,0,0,0,1.17,4.94,8.649,8.649,0,0,0,3.25,3.382,9.119,9.119,0,0,0,4.7,1.216h0Zm-6.92-10.754a7.011,7.011,0,0,1,.86-2.888,6.732,6.732,0,0,1,2.26-2.489,6.706,6.706,0,0,1,8.05.741,6.607,6.607,0,0,1,1.79,4.636h-12.96Zm32.38,10.64,1.02-1.862a2.9,2.9,0,0,1-1.31-1.083,3.973,3.973,0,0,1-.36-1.919v-24.51l-2.24.418v24.586a4.605,4.605,0,0,0,.8,2.831,4.273,4.273,0,0,0,2.09,1.539h0Zm7.18-23.712a1.536,1.536,0,0,0,1.12-.475,1.6,1.6,0,0,0,.47-1.159,1.535,1.535,0,0,0-.47-1.14,1.569,1.569,0,0,0-1.12-.456,1.631,1.631,0,0,0-1.6,1.6,1.569,1.569,0,0,0,.48,1.159,1.52,1.52,0,0,0,1.12.475h0Zm-1.1,23.294h2.24V882.941H4023v17.784Zm12.5,0h2.54l6.61-17.784h-2.28l-5.58,15.542-5.74-15.542h-2.39Zm20.44,0.532a11.46,11.46,0,0,0,7.11-2.242l-0.38-1.9a10.275,10.275,0,0,1-2.89,1.653,10,10,0,0,1-3.65.665,6.9,6.9,0,0,1-3.67-.988,7,7,0,0,1-2.52-2.641,7.69,7.69,0,0,1-.95-3.667h15.08a7.382,7.382,0,0,0,.04-0.95,9.942,9.942,0,0,0-.99-4.446,7.654,7.654,0,0,0-2.9-3.192,8.783,8.783,0,0,0-12.24,3.344,9.955,9.955,0,0,0-1.16,4.826,10.122,10.122,0,0,0,1.18,4.94,8.58,8.58,0,0,0,3.25,3.382,9.083,9.083,0,0,0,4.69,1.216h0Zm-6.92-10.754a7.011,7.011,0,0,1,.86-2.888,6.818,6.818,0,0,1,2.26-2.489,6.721,6.721,0,0,1,8.06.741,6.6,6.6,0,0,1,1.78,4.636h-12.96Zm21.7,10.488a1.637,1.637,0,0,0,1.2-.513,1.689,1.689,0,0,0,.51-1.235,1.626,1.626,0,0,0-.51-1.216,1.67,1.67,0,0,0-1.2-.494,1.594,1.594,0,0,0-1.18.513,1.665,1.665,0,0,0-.49,1.2,1.759,1.759,0,0,0,.47,1.254,1.606,1.606,0,0,0,1.2.494h0Z" transform="translate(-3573 -625)"/>
    <path id="Available_from_Rogers." data-name="Available from Rogers." class="cls-3" d="M3677.26,982.725h4.18l3.45-8.626h11.14l3.49,8.626h4.26l-11.25-26.9h-3.84Zm8.81-11.742,4.49-11.058,4.33,11.058h-8.82Zm24.44,11.742h4.06l6.92-18.2h-3.88l-5.05,14.364-5.09-14.364h-4.03Zm18.43,0.494a8.281,8.281,0,0,0,3.78-.893,5.308,5.308,0,0,0,2.52-2.527h0.12q0,0.494.09,1.368,0.105,0.875.21,1.558h3.35a20.806,20.806,0,0,1-.27-3.762v-7.6a6.594,6.594,0,0,0-7.3-7.41,12.245,12.245,0,0,0-7.22,2.166l0.95,2.736a9.534,9.534,0,0,1,2.64-1.482,8.371,8.371,0,0,1,2.99-.608,4.757,4.757,0,0,1,3.23,1.026,3.882,3.882,0,0,1,1.18,3.078v0.722h-1.52a19.282,19.282,0,0,0-7.45,1.33,4.733,4.733,0,0,0-3,4.75,5.049,5.049,0,0,0,1.69,4.18,6.158,6.158,0,0,0,4.01,1.368h0Zm0.98-2.622a3.646,3.646,0,0,1-2.3-.722,2.705,2.705,0,0,1-.93-2.28q0-3.762,7.11-3.762h1.52v1.406a5.441,5.441,0,0,1-.65,2.584,5.287,5.287,0,0,1-1.86,2,5.234,5.234,0,0,1-2.89.779h0Zm16.31-20.52a2.209,2.209,0,0,0,1.59-.665,2.235,2.235,0,0,0,0-3.23,2.209,2.209,0,0,0-1.59-.665,2.273,2.273,0,0,0-1.64.665,2.258,2.258,0,0,0,0,3.23,2.273,2.273,0,0,0,1.64.665h0Zm-1.87,22.648h3.69v-18.2h-3.69v18.2Zm13.3,0.532,2.02-2.888a3.934,3.934,0,0,1-1.54-1.444,4.836,4.836,0,0,1-.44-2.28V953.579l-3.72.532v23.1c0,2.939,1.22,4.953,3.68,6.042h0Zm10.49-.038a8.281,8.281,0,0,0,3.78-.893,5.33,5.33,0,0,0,2.53-2.527h0.11a11.992,11.992,0,0,0,.1,1.368q0.09,0.875.21,1.558h3.34a20.806,20.806,0,0,1-.27-3.762v-7.6a6.592,6.592,0,0,0-7.29-7.41,12.223,12.223,0,0,0-7.22,2.166l0.95,2.736a9.534,9.534,0,0,1,2.64-1.482,8.279,8.279,0,0,1,2.98-.608,4.739,4.739,0,0,1,3.23,1.026,3.849,3.849,0,0,1,1.18,3.078v0.722h-1.52a19.318,19.318,0,0,0-7.45,1.33,4.733,4.733,0,0,0-3,4.75,5.049,5.049,0,0,0,1.69,4.18,6.177,6.177,0,0,0,4.01,1.368h0Zm0.99-2.622a3.646,3.646,0,0,1-2.3-.722,2.705,2.705,0,0,1-.93-2.28q0-3.762,7.1-3.762h1.52v1.406a5.431,5.431,0,0,1-.64,2.584,5.2,5.2,0,0,1-4.75,2.774h0Zm24.89,2.622a8.548,8.548,0,0,0,4.69-1.292,8.647,8.647,0,0,0,3.14-3.5,10.782,10.782,0,0,0,1.1-4.864,10.665,10.665,0,0,0-1.1-4.845,8.493,8.493,0,0,0-7.79-4.731,7.821,7.821,0,0,0-3.94,1.007,7.416,7.416,0,0,0-2.75,2.679h-0.12V953.465l-3.68.532v24.282c0,1.5-.07,2.977-0.19,4.446h3.34a30.924,30.924,0,0,0,.31-3.382h0.11a6.751,6.751,0,0,0,2.83,2.85,8.331,8.331,0,0,0,4.05,1.026h0Zm-0.76-3.078a5.777,5.777,0,0,1-3.16-.893,6.3,6.3,0,0,1-2.2-2.394,7,7,0,0,1,0-6.5,6.448,6.448,0,0,1,2.2-2.413,5.686,5.686,0,0,1,3.16-.912,5.777,5.777,0,0,1,3.23.893,6,6,0,0,1,2.11,2.394,7.294,7.294,0,0,1,.74,3.249,7.376,7.376,0,0,1-.74,3.287,6,6,0,0,1-2.11,2.394,5.777,5.777,0,0,1-3.23.893h0Zm18.05,3.116,2.01-2.888a4,4,0,0,1-1.54-1.444,4.849,4.849,0,0,1-.43-2.28V953.579l-3.73.532v23.1q0,4.408,3.69,6.042h0Zm14.44,0a12.868,12.868,0,0,0,7.41-2.09l-0.53-2.85a11.885,11.885,0,0,1-2.95,1.482,10.675,10.675,0,0,1-3.51.57,6.77,6.77,0,0,1-3.25-.779,5.981,5.981,0,0,1-2.32-2.147,6.1,6.1,0,0,1-.93-3h14.59c0.02-.253.04-0.633,0.04-1.14a10.638,10.638,0,0,0-1.07-4.826,7.887,7.887,0,0,0-3.07-3.325,9.094,9.094,0,0,0-4.72-1.2,9.329,9.329,0,0,0-4.71,1.216,8.814,8.814,0,0,0-3.36,3.4,10.8,10.8,0,0,0,.02,10.089,8.65,8.65,0,0,0,3.44,3.4,10.033,10.033,0,0,0,4.92,1.2h0Zm-6.04-11.248a5.92,5.92,0,0,1,.77-2.508,5.813,5.813,0,0,1,2-2.071,5.484,5.484,0,0,1,3-.817,5.149,5.149,0,0,1,3.88,1.5,5.549,5.549,0,0,1,1.48,3.895h-11.13Zm29.48,10.716h3.69v-15.39h4.14l0.61-2.812h-4.75v-3.952a5.506,5.506,0,0,1,.74-2.964,2.666,2.666,0,0,1,2.45-1.178,12.415,12.415,0,0,1,2.7.342l0.34-2.964a14.272,14.272,0,0,0-3.46-.38,6.092,6.092,0,0,0-4.86,1.881,7.764,7.764,0,0,0-1.63,5.263v3.952h-3.16l-0.57,2.812h3.76v15.39Zm11.25,0h3.69v-9.158a8.071,8.071,0,0,1,1.21-4.446,3.84,3.84,0,0,1,3.42-1.9,4.582,4.582,0,0,1,1.6.266l0.57-3.23a6.325,6.325,0,0,0-1.98-.266,4.569,4.569,0,0,0-2.87,1.064,6.189,6.189,0,0,0-1.99,2.926h-0.08a22.009,22.009,0,0,0-.22-3.458h-3.54a38.372,38.372,0,0,1,.19,4.484v13.718Zm21.28,0.532a10.385,10.385,0,0,0,5.02-1.216,9.01,9.01,0,0,0,3.53-3.42,9.817,9.817,0,0,0,1.29-5.054,9.717,9.717,0,0,0-1.29-5.035,8.909,8.909,0,0,0-3.53-3.382,11.1,11.1,0,0,0-10.03,0,8.837,8.837,0,0,0-3.54,3.4,9.742,9.742,0,0,0-1.29,5.016,9.845,9.845,0,0,0,1.29,5.035,8.93,8.93,0,0,0,3.54,3.439,10.318,10.318,0,0,0,5.01,1.216h0Zm0-3.116a5.991,5.991,0,0,1-3.3-.893,5.808,5.808,0,0,1-2.15-2.394,7.243,7.243,0,0,1-.74-3.287,7.126,7.126,0,0,1,.74-3.268,5.839,5.839,0,0,1,2.15-2.375,6.141,6.141,0,0,1,8.77,2.375,7.014,7.014,0,0,1,.76,3.268,7.129,7.129,0,0,1-.76,3.287,5.972,5.972,0,0,1-2.16,2.394,6.049,6.049,0,0,1-3.31.893h0Zm14.55,2.584h3.73v-9.348a7.481,7.481,0,0,1,1.31-4.617,4.03,4.03,0,0,1,3.36-1.729,3.313,3.313,0,0,1,2.87,1.33,6.277,6.277,0,0,1,.97,3.762v10.6h3.72v-9.576a7.2,7.2,0,0,1,1.28-4.389,4.012,4.012,0,0,1,3.4-1.729,3.254,3.254,0,0,1,3.06,1.539,7.814,7.814,0,0,1,.89,3.933v10.222h3.69V971.667a9.134,9.134,0,0,0-1.6-5.453,5.7,5.7,0,0,0-4.98-2.223,6.633,6.633,0,0,0-6.31,4.066,6.372,6.372,0,0,0-2.16-3,5.926,5.926,0,0,0-3.61-1.064,6.336,6.336,0,0,0-3.65,1.083,6.259,6.259,0,0,0-2.32,2.831h-0.07a28.8,28.8,0,0,0-.19-3.382h-3.58a37.354,37.354,0,0,1,.19,3.952v14.25Zm43.32,0h3.8V971.591h4.18l6.81,11.134h4.52l-7.56-11.7a7.992,7.992,0,0,0,4.18-2.7,7.411,7.411,0,0,0,1.71-4.9c0-2.711-.9-4.655-2.68-5.833a12.035,12.035,0,0,0-6.75-1.767h-8.21v26.9Zm3.8-14.06v-9.69h3.96a8.209,8.209,0,0,1,4.35,1.064,3.755,3.755,0,0,1,1.73,3.458,4.572,4.572,0,0,1-1.71,3.838,6.863,6.863,0,0,1-4.34,1.33h-3.99Zm27.63,14.592a10.385,10.385,0,0,0,5.02-1.216,9.01,9.01,0,0,0,3.53-3.42,9.817,9.817,0,0,0,1.29-5.054,9.717,9.717,0,0,0-1.29-5.035,8.909,8.909,0,0,0-3.53-3.382,11.125,11.125,0,0,0-10.04,0,8.875,8.875,0,0,0-3.53,3.4,9.742,9.742,0,0,0-1.29,5.016,9.845,9.845,0,0,0,1.29,5.035,8.97,8.97,0,0,0,3.53,3.439,10.385,10.385,0,0,0,5.02,1.216h0Zm0-3.116a6.049,6.049,0,0,1-3.31-.893,5.854,5.854,0,0,1-2.14-2.394,7.243,7.243,0,0,1-.74-3.287,7.126,7.126,0,0,1,.74-3.268,5.885,5.885,0,0,1,2.14-2.375,6.147,6.147,0,0,1,8.78,2.375,7.014,7.014,0,0,1,.76,3.268,7.129,7.129,0,0,1-.76,3.287,5.972,5.972,0,0,1-2.16,2.394,6.049,6.049,0,0,1-3.31.893h0ZM3993.79,992c3.24,0,5.71-.9,7.39-2.7a10.389,10.389,0,0,0,2.53-7.41V968.513c0-1.444.04-2.774,0.11-3.99h-3.42c-0.15,1.469-.22,2.584-0.22,3.344h-0.08a7.08,7.08,0,0,0-2.87-2.869,8.152,8.152,0,0,0-3.97-1.007,8.548,8.548,0,0,0-4.69,1.292,8.672,8.672,0,0,0-3.14,3.477,10.581,10.581,0,0,0-1.1,4.807,10.462,10.462,0,0,0,1.1,4.788,8.421,8.421,0,0,0,3.16,3.42,8.81,8.81,0,0,0,4.71,1.254,7.927,7.927,0,0,0,3.91-.988,6.9,6.9,0,0,0,2.74-2.7h0.11v2.812a7.333,7.333,0,0,1-1.59,4.959,6.16,6.16,0,0,1-4.91,1.843,11.987,11.987,0,0,1-3.97-.684,14.174,14.174,0,0,1-3.47-1.748l-0.61,3.23a15.731,15.731,0,0,0,3.84,1.615,16.162,16.162,0,0,0,4.44.627h0Zm0.23-11.97a5.757,5.757,0,0,1-5.32-3.268,7.293,7.293,0,0,1-.72-3.23,7.377,7.377,0,0,1,.72-3.268,5.621,5.621,0,0,1,2.11-2.356,6.3,6.3,0,0,1,6.4,0,5.986,5.986,0,0,1,2.19,2.375,7.2,7.2,0,0,1,0,6.517,6.022,6.022,0,0,1-2.19,2.356,5.919,5.919,0,0,1-3.19.874h0Zm23.94,3.23a12.868,12.868,0,0,0,7.41-2.09l-0.53-2.85a11.549,11.549,0,0,1-2.95,1.482,10.675,10.675,0,0,1-3.51.57,6.8,6.8,0,0,1-3.25-.779,5.981,5.981,0,0,1-2.32-2.147,6.1,6.1,0,0,1-.93-3h14.59a10.853,10.853,0,0,0,.04-1.14,10.635,10.635,0,0,0-1.06-4.826,7.91,7.91,0,0,0-3.08-3.325,9.057,9.057,0,0,0-4.71-1.2,9.339,9.339,0,0,0-4.72,1.216,8.883,8.883,0,0,0-3.36,3.4,10.881,10.881,0,0,0,.02,10.089,8.714,8.714,0,0,0,3.44,3.4,10.088,10.088,0,0,0,4.92,1.2h0Zm-6.04-11.248a5.98,5.98,0,0,1,2.77-4.579,5.484,5.484,0,0,1,3-.817,5.119,5.119,0,0,1,3.88,1.5,5.506,5.506,0,0,1,1.48,3.895h-11.13Zm19.26,10.716h3.69v-9.158a8,8,0,0,1,1.22-4.446,3.84,3.84,0,0,1,3.42-1.9,4.565,4.565,0,0,1,1.59.266l0.57-3.23a6.3,6.3,0,0,0-1.97-.266,4.548,4.548,0,0,0-2.87,1.064,6.205,6.205,0,0,0-2,2.926h-0.07a21.854,21.854,0,0,0-.23-3.458h-3.54a38.372,38.372,0,0,1,.19,4.484v13.718Zm18.78,0.532a9.013,9.013,0,0,0,3.3-.608,5.735,5.735,0,0,0,2.53-1.881,5.064,5.064,0,0,0,.97-3.135,4.2,4.2,0,0,0-1.47-3.4,11.8,11.8,0,0,0-4.23-2.071,12.987,12.987,0,0,1-3.21-1.273,1.936,1.936,0,0,1-.9-1.729,2.074,2.074,0,0,1,.95-1.843,4.21,4.21,0,0,1,2.36-.627,6.334,6.334,0,0,1,2.39.494,9.385,9.385,0,0,1,2.17,1.216l1.41-2.508a9.389,9.389,0,0,0-2.68-1.368,10.778,10.778,0,0,0-3.52-.57,8.467,8.467,0,0,0-3.1.589,5.778,5.778,0,0,0-2.47,1.824,4.714,4.714,0,0,0-.96,2.983,4.118,4.118,0,0,0,1.36,3.325,10.523,10.523,0,0,0,3.88,1.881,13.851,13.851,0,0,1,3.46,1.406,2.1,2.1,0,0,1,1.02,1.824,2.242,2.242,0,0,1-1.04,2.014,4.594,4.594,0,0,1-2.57.684,9.556,9.556,0,0,1-5.92-2.09l-0.54,2.964a9.9,9.9,0,0,0,2.95,1.349,13.4,13.4,0,0,0,3.86.551h0Zm13.22-.228a2.425,2.425,0,0,0,1.75-.7,2.474,2.474,0,1,0-3.5-3.5,2.461,2.461,0,0,0,1.75,4.2h0Z" transform="translate(-3573 -625)"/>
  </g>
</svg>
